Particle species 	 Momentum Direction: x 	 y 	 z 	 Energy Deposited (keV): East Scint 	 East MWPC 	 West Scint 	 West MWPC 
gamma	 	0		1		0		0	 	0	 	0	 	0
gamma	 	0		1		0		0	 	0	 	0	 	0
e-	 	0.57735		0.57735		0.57735		0	 	0	 	0	 	0
gamma	 	0		1		0		0	 	0	 	0	 	0
gamma	 	0		1		0		0	 	0	 	0	 	0
gamma	 	0		1		0		0	 	0	 	0	 	0
e-	 	0.57735		0.57735		0.57735		0	 	0	 	0	 	0
gamma	 	0		1		0		0	 	0	 	0	 	0
gamma	 	0		1		0		0	 	0	 	0	 	0
gamma	 	0		1		0		0	 	0	 	0	 	0
gamma	 	0		1		0		0	 	0	 	0	 	0
e-	 	0.57735		0.57735		0.57735		0	 	0	 	0	 	0
e-	 	0.57735		0.57735		0.57735		0	 	0	 	0	 	0
e-	 	0.57735		0.57735		0.57735		0	 	0	 	0	 	0
gamma	 	0		1		0		0	 	0	 	0	 	0
gamma	 	0		1		0		0	 	0	 	0	 	0
e-	 	0.57735		0.57735		0.57735		0	 	0	 	0	 	0
gamma	 	0		1		0		0	 	0	 	0	 	0
gamma	 	0		1		0		0	 	0	 	0	 	0
gamma	 	0		1		0		0	 	0	 	0	 	0
gamma	 	0		1		0		0	 	0	 	0	 	0
gamma	 	0		1		0		0	 	0	 	0	 	0
gamma	 	0		1		0		0	 	0	 	0	 	0
gamma	 	0		1		0		0	 	0	 	0	 	0
gamma	 	0		1		0		0	 	0	 	0	 	0
gamma	 	0		1		0		0	 	0	 	0	 	0
gamma	 	0		1		0		0	 	0	 	0	 	0
gamma	 	0		1		0		0	 	0	 	0	 	0
gamma	 	0		1		0		0	 	0	 	0	 	0
gamma	 	0		1		0		0	 	0	 	0	 	0
e-	 	0.57735		0.57735		0.57735		0	 	0	 	0	 	0
gamma	 	0		1		0		0	 	0	 	0	 	0
e-	 	0.57735		0.57735		0.57735		0	 	0	 	0	 	0
e-	 	0.57735		0.57735		0.57735		0	 	0	 	0	 	0
gamma	 	0		1		0		0	 	0	 	0	 	0
gamma	 	0		1		0		0	 	0	 	0	 	0
e-	 	0.57735		0.57735		0.57735		0	 	0	 	0	 	0
gamma	 	0		1		0		0	 	0	 	0	 	0
gamma	 	0		1		0		0	 	0	 	0	 	0
gamma	 	0		1		0		0	 	0	 	0	 	0
gamma	 	0		1		0		0	 	0	 	0	 	0
gamma	 	0		1		0		0	 	0	 	0	 	0
gamma	 	0		1		0		0	 	0	 	0	 	0
gamma	 	0		1		0		0	 	0	 	0	 	0
e-	 	0.57735		0.57735		0.57735		0	 	0	 	0	 	0
e-	 	0.57735		0.57735		0.57735		0	 	0	 	0	 	0
gamma	 	0		1		0		0	 	0	 	0	 	0
gamma	 	0		1		0		0	 	0	 	0	 	0
e-	 	0.57735		0.57735		0.57735		0	 	0	 	0	 	0
gamma	 	0		1		0		0	 	0	 	0	 	0
e-	 	0.57735		0.57735		0.57735		0	 	0	 	0	 	0
gamma	 	0		1		0		0	 	0	 	0	 	0
gamma	 	0		1		0		0	 	0	 	0	 	0
gamma	 	0		1		0		0	 	0	 	0	 	0
gamma	 	0		1		0		0	 	0	 	0	 	0
e-	 	0.57735		0.57735		0.57735		0	 	0	 	0	 	0
e-	 	0.57735		0.57735		0.57735		0	 	0	 	0	 	0
e-	 	0.57735		0.57735		0.57735		0	 	0	 	0	 	0
gamma	 	0		1		0		0	 	0	 	0	 	0
e-	 	0.57735		0.57735		0.57735		0	 	0	 	0	 	0
gamma	 	0		1		0		0	 	0	 	0	 	0
gamma	 	0		1		0		0	 	0	 	0	 	0
gamma	 	0		1		0		0	 	0	 	0	 	0
gamma	 	0		1		0		0	 	0	 	0	 	0
e-	 	0.57735		0.57735		0.57735		0	 	0	 	0	 	0
gamma	 	0		1		0		0	 	0	 	0	 	0
gamma	 	0		1		0		0	 	0	 	0	 	0
e-	 	0.57735		0.57735		0.57735		0	 	0	 	0	 	0
gamma	 	0		1		0		0	 	0	 	0	 	0
e-	 	0.57735		0.57735		0.57735		0	 	0	 	0	 	0
gamma	 	0		1		0		0	 	0	 	0	 	0
e-	 	0.57735		0.57735		0.57735		0	 	0	 	0	 	0
e-	 	0.57735		0.57735		0.57735		0	 	0	 	0	 	0
gamma	 	0		1		0		0	 	0	 	0	 	0
gamma	 	0		1		0		0	 	0	 	0	 	0
gamma	 	0		1		0		0	 	0	 	0	 	0
gamma	 	0		1		0		0	 	0	 	0	 	0
gamma	 	0		1		0		0	 	0	 	0	 	0
gamma	 	0		1		0		0	 	0	 	0	 	0
gamma	 	0		1		0		0	 	0	 	0	 	0
gamma	 	0		1		0		0	 	0	 	0	 	0
e-	 	0.57735		0.57735		0.57735		0	 	0	 	0	 	0
gamma	 	0		1		0		0	 	0	 	0	 	0
gamma	 	0		1		0		0	 	0	 	0	 	0
gamma	 	0		1		0		0	 	0	 	0	 	0
gamma	 	0		1		0		0	 	0	 	0	 	0
e-	 	0.57735		0.57735		0.57735		0	 	0	 	0	 	0
e-	 	0.57735		0.57735		0.57735		0	 	0	 	0	 	0
e-	 	0.57735		0.57735		0.57735		0	 	0	 	0	 	0
gamma	 	0		1		0		0	 	0	 	0	 	0
gamma	 	0		1		0		0	 	0	 	0	 	0
gamma	 	0		1		0		0	 	0	 	0	 	0
gamma	 	0		1		0		0	 	0	 	0	 	0
e-	 	0.57735		0.57735		0.57735		0	 	0	 	0	 	0
gamma	 	0		1		0		0	 	0	 	0	 	0
e-	 	0.57735		0.57735		0.57735		0	 	0	 	0	 	0
gamma	 	0		1		0		0	 	0	 	0	 	0
gamma	 	0		1		0		0	 	0	 	0	 	0
gamma	 	0		1		0		0	 	0	 	0	 	0
gamma	 	0		1		0		0	 	0	 	0	 	0
Total number of simulated events during this run: 100
