Particle species 	 Momentum Direction: x 	 y 	 z 	 Energy Deposited (keV): East Scint 	 East MWPC 	 West Scint 	 West MWPC 
gamma	 	0		1		0		0	 	0	 	0	 	0
e-	 	0.57735		0.57735		-0.57735		356.005	 	2.0841	 	0	 	0
gamma	 	0		1		0		0	 	0	 	0	 	0
gamma	 	0		1		0		0	 	0	 	0	 	0
e-	 	0.57735		0.57735		-0.57735		352.481	 	2.46228	 	0	 	0
e-	 	0.57735		0.57735		-0.57735		356.151	 	2.19213	 	0	 	0
gamma	 	0		1		0		0	 	0	 	0	 	0
gamma	 	0		1		0		0	 	0	 	0	 	0
gamma	 	0		1		0		0	 	0	 	0	 	0
gamma	 	0		1		0		0	 	0	 	0	 	0
e-	 	0.57735		0.57735		-0.57735		357.249	 	1.43723	 	0	 	0
e-	 	0.57735		0.57735		-0.57735		376.793	 	1.8454	 	0	 	0
gamma	 	0		1		0		0	 	0	 	0	 	0
e-	 	0.57735		0.57735		-0.57735		340.663	 	1.92628	 	0	 	0
gamma	 	0		1		0		0	 	0	 	0	 	0
gamma	 	0		1		0		0	 	0	 	0	 	0
gamma	 	0		1		0		0	 	0	 	0	 	0
gamma	 	0		1		0		0	 	0	 	0	 	0
e-	 	0.57735		0.57735		-0.57735		355.671	 	1.69864	 	0	 	0
e-	 	0.57735		0.57735		-0.57735		379.307	 	1.27034	 	0	 	0
e-	 	0.57735		0.57735		-0.57735		235.442	 	9.62876	 	0	 	0
gamma	 	0		1		0		0	 	0	 	0	 	0
e-	 	0.57735		0.57735		-0.57735		354.909	 	4.25618	 	0	 	0
gamma	 	0		1		0		0	 	0	 	0	 	0
gamma	 	0		1		0		0	 	0	 	0	 	0
gamma	 	0		1		0		0	 	0	 	0	 	0
e-	 	0.57735		0.57735		-0.57735		357.733	 	1.51807	 	0	 	0
gamma	 	0		1		0		0	 	0	 	0	 	0
gamma	 	0		1		0		0	 	0	 	0	 	0
gamma	 	0		1		0		0	 	0	 	0	 	0
gamma	 	0		1		0		0	 	0	 	0	 	0
e-	 	0.57735		0.57735		-0.57735		382.565	 	2.79992	 	0	 	0
gamma	 	0		1		0		0	 	0	 	0	 	0
gamma	 	0		1		0		0	 	0	 	0	 	0
gamma	 	0		1		0		0	 	0	 	0	 	0
gamma	 	0		1		0		0	 	0	 	0	 	0
gamma	 	0		1		0		0	 	0	 	0	 	0
e-	 	0.57735		0.57735		-0.57735		358.211	 	1.28156	 	0	 	0
gamma	 	0		1		0		0	 	0	 	0	 	0
e-	 	0.57735		0.57735		-0.57735		354.927	 	2.53157	 	0	 	0
gamma	 	0		1		0		0	 	0	 	0	 	0
gamma	 	0		1		0		0	 	0	 	0	 	0
e-	 	0.57735		0.57735		-0.57735		356.889	 	1.39047	 	0	 	0
e-	 	0.57735		0.57735		-0.57735		357.62	 	1.75544	 	0	 	0
gamma	 	0		1		0		0	 	0	 	0	 	0
gamma	 	0		1		0		0	 	0	 	0	 	0
e-	 	0.57735		0.57735		-0.57735		357.399	 	1.68845	 	0	 	0
gamma	 	0		1		0		0	 	0	 	0	 	0
e-	 	0.57735		0.57735		-0.57735		325.786	 	7.06779	 	0	 	0
e-	 	0.57735		0.57735		-0.57735		356.033	 	1.75015	 	0	 	0
gamma	 	0		1		0		0	 	0	 	0	 	0
gamma	 	0		1		0		0	 	0	 	0	 	0
gamma	 	0		1		0		0	 	0	 	0	 	0
gamma	 	0		1		0		0	 	0	 	0	 	0
e-	 	0.57735		0.57735		-0.57735		356.855	 	2.93823	 	0	 	0
e-	 	0.57735		0.57735		-0.57735		353.362	 	2.29676	 	0	 	0
gamma	 	0		1		0		0	 	0	 	0	 	0
gamma	 	0		1		0		0	 	0	 	0	 	0
e-	 	0.57735		0.57735		-0.57735		346.459	 	1.60393	 	0	 	0
gamma	 	0		1		0		0	 	0	 	0	 	0
gamma	 	0		1		0		0	 	0	 	0	 	0
gamma	 	0		1		0		0	 	0	 	0	 	0
gamma	 	0		1		0		0	 	0	 	0	 	0
gamma	 	0		1		0		0	 	0	 	0	 	0
e-	 	0.57735		0.57735		-0.57735		358.36	 	1.59526	 	0	 	0
gamma	 	0		1		0		0	 	0	 	0	 	0
gamma	 	0		1		0		0	 	0	 	0	 	0
e-	 	0.57735		0.57735		-0.57735		384.409	 	2.2094	 	0	 	0
gamma	 	0		1		0		0	 	0	 	0	 	0
gamma	 	0		1		0		0	 	0	 	0	 	0
e-	 	0.57735		0.57735		-0.57735		337.115	 	20.0928	 	0	 	0
e-	 	0.57735		0.57735		-0.57735		305.148	 	8.40345	 	0	 	0
e-	 	0.57735		0.57735		-0.57735		355.28	 	2.03114	 	0	 	0
e-	 	0.57735		0.57735		-0.57735		355.937	 	2.35648	 	0	 	0
gamma	 	0		1		0		0	 	0	 	0	 	0
e-	 	0.57735		0.57735		-0.57735		349.854	 	1.32627	 	0	 	0
e-	 	0.57735		0.57735		-0.57735		378.714	 	1.57206	 	0	 	0
gamma	 	0		1		0		0	 	0	 	0	 	0
gamma	 	0		1		0		0	 	0	 	0	 	0
e-	 	0.57735		0.57735		-0.57735		354.889	 	1.28276	 	0	 	0
gamma	 	0		1		0		0	 	0	 	0	 	0
e-	 	0.57735		0.57735		-0.57735		357.131	 	1.90356	 	0	 	0
gamma	 	0		1		0		0	 	0	 	0	 	0
gamma	 	0		1		0		0	 	0	 	0	 	0
gamma	 	0		1		0		0	 	0	 	0	 	0
gamma	 	0		1		0		0	 	0	 	0	 	0
gamma	 	0		1		0		0	 	0	 	0	 	0
e-	 	0.57735		0.57735		-0.57735		229.296	 	21.4954	 	0	 	0
gamma	 	0		1		0		0	 	0	 	0	 	0
e-	 	0.57735		0.57735		-0.57735		355.534	 	1.6076	 	0	 	0
e-	 	0.57735		0.57735		-0.57735		357.6	 	1.45298	 	0	 	0
gamma	 	0		1		0		0	 	0	 	0	 	0
e-	 	0.57735		0.57735		-0.57735		378.969	 	1.64835	 	0	 	0
e-	 	0.57735		0.57735		-0.57735		356.063	 	1.36608	 	0	 	0
e-	 	0.57735		0.57735		-0.57735		326.856	 	1.9832	 	0	 	0
gamma	 	0		1		0		0	 	0	 	0	 	0
gamma	 	0		1		0		0	 	0	 	0	 	0
gamma	 	0		1		0		0	 	0	 	0	 	0
gamma	 	0		1		0		0	 	0	 	0	 	0
gamma	 	0		1		0		0	 	0	 	0	 	0
Total number of simulated events during this run: 100
