Particle species 	 Momentum Direction 	 Energy Deposited (keV): East Scint 	 East MWPC 	 West Scint 	 West MWPC 
gamma	 	(0,1,0)		0	 	0	 	0	 	0
e-	 	(0,0,1)		0	 	0	 	0	 	0
gamma	 	(0,1,0)		0	 	0	 	0	 	0
gamma	 	(0,1,0)		0	 	0	 	0	 	0
e-	 	(0,0,-1)		359.446	 	0.989026	 	0	 	0
gamma	 	(0,1,0)		0	 	0	 	0	 	0
e-	 	(0,0,-1)		359.473	 	0.993379	 	0	 	0
e-	 	(0,0,-1)		357.422	 	1.41289	 	0	 	0
gamma	 	(0,1,0)		0	 	0	 	0	 	0
gamma	 	(0,1,0)		0	 	0	 	0	 	0
e-	 	(0,0,-1)		357.817	 	1.67702	 	0	 	0
e-	 	(0,0,1)		0	 	0	 	0	 	0
e-	 	(0,0,-1)		339.85	 	1.02183	 	0	 	0
gamma	 	(0,1,0)		0	 	0	 	0	 	0
gamma	 	(0,1,0)		0	 	0	 	0	 	0
gamma	 	(0,1,0)		0	 	0	 	0	 	0
gamma	 	(0,1,0)		0	 	0	 	0	 	0
gamma	 	(0,1,0)		0	 	0	 	0	 	0
e-	 	(0,0,-1)		350.391	 	0.594635	 	0	 	0
gamma	 	(0,1,0)		0	 	0	 	0	 	0
e-	 	(0,0,-1)		357.837	 	1.73587	 	0	 	0
e-	 	(0,0,-1)		335.07	 	1.5734	 	0	 	0
gamma	 	(0,1,0)		0	 	0	 	0	 	0
gamma	 	(0,1,0)		0	 	0	 	0	 	0
gamma	 	(0,1,0)		0	 	0	 	0	 	0
e-	 	(0,0,1)		0	 	0	 	0	 	0
e-	 	(0,0,1)		0	 	0	 	0	 	0
e-	 	(0,0,1)		0	 	0	 	0	 	0
e-	 	(0,0,1)		0	 	0	 	0	 	0
gamma	 	(0,1,0)		0	 	0	 	0	 	0
gamma	 	(0,1,0)		0	 	0	 	0	 	0
gamma	 	(0,1,0)		0	 	0	 	0	 	0
gamma	 	(0,1,0)		0	 	0	 	0	 	0
gamma	 	(0,1,0)		0	 	0	 	0	 	0
gamma	 	(0,1,0)		0	 	0	 	0	 	0
e-	 	(0,0,1)		0	 	0	 	0	 	0
gamma	 	(0,1,0)		0	 	0	 	0	 	0
e-	 	(0,0,-1)		385.818	 	1.48247	 	0	 	0
e-	 	(0,0,1)		0	 	0	 	0	 	0
gamma	 	(0,1,0)		0	 	0	 	0	 	0
gamma	 	(0,1,0)		0	 	0	 	0	 	0
gamma	 	(0,1,0)		0	 	0	 	0	 	0
gamma	 	(0,1,0)		0	 	0	 	0	 	0
e-	 	(0,0,1)		0	 	0	 	0	 	0
gamma	 	(0,1,0)		0	 	0	 	0	 	0
gamma	 	(0,1,0)		0	 	0	 	0	 	0
gamma	 	(0,1,0)		0	 	0	 	0	 	0
gamma	 	(0,1,0)		0	 	0	 	0	 	0
e-	 	(0,0,-1)		358.473	 	1.18509	 	0	 	0
e-	 	(0,0,1)		0	 	0	 	0	 	0
gamma	 	(0,1,0)		0	 	0	 	0	 	0
gamma	 	(0,1,0)		0	 	0	 	0	 	0
e-	 	(0,0,-1)		198.636	 	5.09643	 	0	 	0
gamma	 	(0,1,0)		0	 	0	 	0	 	0
gamma	 	(0,1,0)		0	 	0	 	0	 	0
e-	 	(0,0,1)		0	 	0	 	0	 	0
e-	 	(0,0,1)		0	 	0	 	0	 	0
e-	 	(0,0,-1)		354.937	 	4.27061	 	0	 	0
e-	 	(0,0,1)		0	 	0	 	0	 	0
gamma	 	(0,1,0)		0	 	0	 	0	 	0
gamma	 	(0,1,0)		0	 	0	 	0	 	0
gamma	 	(0,1,0)		0	 	0	 	0	 	0
gamma	 	(0,1,0)		0	 	0	 	0	 	0
gamma	 	(0,1,0)		0	 	0	 	0	 	0
gamma	 	(0,1,0)		0	 	0	 	0	 	0
e-	 	(0,0,-1)		356.894	 	0.804235	 	0	 	0
e-	 	(0,0,-1)		383.016	 	1.50944	 	0	 	0
e-	 	(0,0,-1)		356.326	 	1.50483	 	0	 	0
e-	 	(0,0,1)		0	 	0	 	0	 	0
gamma	 	(0,1,0)		0	 	0	 	0	 	0
gamma	 	(0,1,0)		0	 	0	 	0	 	0
e-	 	(0,0,1)		0	 	0	 	0	 	0
gamma	 	(0,1,0)		0	 	0	 	0	 	0
e-	 	(0,0,1)		0	 	0	 	0	 	0
gamma	 	(0,1,0)		0	 	0	 	0	 	0
gamma	 	(0,1,0)		0	 	0	 	0	 	0
gamma	 	(0,1,0)		0	 	0	 	0	 	0
gamma	 	(0,1,0)		0	 	0	 	0	 	0
gamma	 	(0,1,0)		0	 	0	 	0	 	0
e-	 	(0,0,1)		0	 	0	 	0	 	0
gamma	 	(0,1,0)		0	 	0	 	0	 	0
e-	 	(0,0,-1)		350.512	 	1.28968	 	0	 	0
gamma	 	(0,1,0)		0	 	0	 	0	 	0
gamma	 	(0,1,0)		0	 	0	 	0	 	0
e-	 	(0,0,1)		0	 	0	 	0	 	0
gamma	 	(0,1,0)		0	 	0	 	0	 	0
gamma	 	(0,1,0)		0	 	0	 	0	 	0
e-	 	(0,0,1)		0	 	0	 	0	 	0
e-	 	(0,0,1)		0	 	0	 	0	 	0
gamma	 	(0,1,0)		0	 	0	 	0	 	0
gamma	 	(0,1,0)		0	 	0	 	0	 	0
gamma	 	(0,1,0)		0	 	0	 	0	 	0
gamma	 	(0,1,0)		0	 	0	 	0	 	0
e-	 	(0,0,1)		0	 	0	 	0	 	0
gamma	 	(0,1,0)		0	 	0	 	0	 	0
e-	 	(0,0,1)		0	 	0	 	0	 	0
gamma	 	(0,1,0)		0	 	0	 	0	 	0
gamma	 	(0,1,0)		0	 	0	 	0	 	0
e-	 	(0,0,-1)		327.087	 	12.3169	 	0	 	0
gamma	 	(0,1,0)		0	 	0	 	0	 	0
e-	 	(0,0,-1)		351.85	 	1.54127	 	0	 	0
gamma	 	(0,1,0)		0	 	0	 	0	 	0
e-	 	(0,0,-1)		381.176	 	1.21951	 	0	 	0
e-	 	(0,0,-1)		359.074	 	1.52685	 	0	 	0
e-	 	(0,0,1)		0	 	0	 	0	 	0
gamma	 	(0,1,0)		0	 	0	 	0	 	0
e-	 	(0,0,-1)		356.878	 	1.4452	 	0	 	0
e-	 	(0,0,1)		0	 	0	 	0	 	0
gamma	 	(0,1,0)		0	 	0	 	0	 	0
gamma	 	(0,1,0)		0	 	0	 	0	 	0
e-	 	(0,0,1)		0	 	0	 	0	 	0
gamma	 	(0,1,0)		0	 	0	 	0	 	0
gamma	 	(0,1,0)		0	 	0	 	0	 	0
gamma	 	(0,1,0)		0	 	0	 	0	 	0
e-	 	(0,0,-1)		358.741	 	0.922942	 	0	 	0
e-	 	(0,0,1)		0	 	0	 	0	 	0
gamma	 	(0,1,0)		0	 	0	 	0	 	0
e-	 	(0,0,-1)		386.163	 	0.711228	 	0	 	0
gamma	 	(0,1,0)		0	 	0	 	0	 	0
gamma	 	(0,1,0)		0	 	0	 	0	 	0
e-	 	(0,0,-1)		364.726	 	9.12948	 	0	 	0
e-	 	(0,0,-1)		357.78	 	1.51619	 	0	 	0
gamma	 	(0,1,0)		0	 	0	 	0	 	0
gamma	 	(0,1,0)		0	 	0	 	0	 	0
gamma	 	(0,1,0)		0	 	0	 	0	 	0
gamma	 	(0,1,0)		0	 	0	 	0	 	0
gamma	 	(0,1,0)		0	 	0	 	0	 	0
e-	 	(0,0,1)		0	 	0	 	0	 	0
gamma	 	(0,1,0)		0	 	0	 	0	 	0
gamma	 	(0,1,0)		0	 	0	 	0	 	0
gamma	 	(0,1,0)		0	 	0	 	0	 	0
gamma	 	(0,1,0)		0	 	0	 	0	 	0
gamma	 	(0,1,0)		0	 	0	 	0	 	0
gamma	 	(0,1,0)		0	 	0	 	0	 	0
e-	 	(0,0,1)		0	 	0	 	0	 	0
e-	 	(0,0,1)		0	 	0	 	0	 	0
gamma	 	(0,1,0)		0	 	0	 	0	 	0
e-	 	(0,0,1)		0	 	0	 	0	 	0
e-	 	(0,0,-1)		356.955	 	1.75159	 	0	 	0
gamma	 	(0,1,0)		0	 	0	 	0	 	0
e-	 	(0,0,1)		0	 	0	 	0	 	0
e-	 	(0,0,-1)		358.626	 	1.35355	 	0	 	0
e-	 	(0,0,-1)		377.209	 	1.08498	 	0	 	0
e-	 	(0,0,1)		0	 	0	 	0	 	0
e-	 	(0,0,1)		0	 	0	 	0	 	0
e-	 	(0,0,-1)		336.39	 	1.60308	 	0	 	0
e-	 	(0,0,-1)		378.855	 	0.707968	 	0	 	0
gamma	 	(0,1,0)		0	 	0	 	0	 	0
e-	 	(0,0,-1)		339.374	 	1.08797	 	0	 	0
gamma	 	(0,1,0)		0	 	0	 	0	 	0
gamma	 	(0,1,0)		0	 	0	 	0	 	0
e-	 	(0,0,1)		0	 	0	 	0	 	0
gamma	 	(0,1,0)		0	 	0	 	0	 	0
gamma	 	(0,1,0)		0	 	0	 	0	 	0
gamma	 	(0,1,0)		0	 	0	 	0	 	0
e-	 	(0,0,-1)		351.106	 	0.759244	 	0	 	0
gamma	 	(0,1,0)		0	 	0	 	0	 	0
gamma	 	(0,1,0)		0	 	0	 	0	 	0
e-	 	(0,0,-1)		356.739	 	2.12571	 	0	 	0
gamma	 	(0,1,0)		0	 	0	 	0	 	0
gamma	 	(0,1,0)		0	 	0	 	0	 	0
e-	 	(0,0,-1)		358.515	 	1.94884	 	0	 	0
e-	 	(0,0,-1)		354.712	 	2.73526	 	0	 	0
gamma	 	(0,1,0)		0	 	0	 	0	 	0
gamma	 	(0,1,0)		0	 	0	 	0	 	0
gamma	 	(0,1,0)		0	 	0	 	0	 	0
gamma	 	(0,1,0)		0	 	0	 	0	 	0
gamma	 	(0,1,0)		0	 	0	 	0	 	0
gamma	 	(0,1,0)		0	 	0	 	0	 	0
gamma	 	(0,1,0)		0	 	0	 	0	 	0
gamma	 	(0,1,0)		0	 	0	 	0	 	0
gamma	 	(0,1,0)		0	 	0	 	0	 	0
e-	 	(0,0,-1)		356.55	 	0.896689	 	0	 	0
gamma	 	(0,1,0)		0	 	0	 	0	 	0
gamma	 	(0,1,0)		0	 	0	 	0	 	0
gamma	 	(0,1,0)		0	 	0	 	0	 	0
e-	 	(0,0,-1)		358.525	 	1.60415	 	0	 	0
gamma	 	(0,1,0)		0	 	0	 	0	 	0
gamma	 	(0,1,0)		0	 	0	 	0	 	0
gamma	 	(0,1,0)		0	 	0	 	0	 	0
gamma	 	(0,1,0)		0	 	0	 	0	 	0
e-	 	(0,0,-1)		359.441	 	1.75055	 	0	 	0
gamma	 	(0,1,0)		0	 	0	 	0	 	0
e-	 	(0,0,-1)		358.153	 	2.65662	 	0	 	0
gamma	 	(0,1,0)		0	 	0	 	0	 	0
gamma	 	(0,1,0)		0	 	0	 	0	 	0
e-	 	(0,0,1)		0	 	0	 	0	 	0
gamma	 	(0,1,0)		0	 	0	 	0	 	0
e-	 	(0,0,1)		0	 	0	 	0	 	0
gamma	 	(0,1,0)		0	 	0	 	0	 	0
gamma	 	(0,1,0)		0	 	0	 	0	 	0
gamma	 	(0,1,0)		0	 	0	 	0	 	0
gamma	 	(0,1,0)		0	 	0	 	0	 	0
e-	 	(0,0,-1)		315.711	 	1.40871	 	0	 	0
gamma	 	(0,1,0)		0	 	0	 	0	 	0
gamma	 	(0,1,0)		0	 	0	 	0	 	0
gamma	 	(0,1,0)		0	 	0	 	0	 	0
e-	 	(0,0,-1)		381.925	 	2.1774	 	0	 	0
e-	 	(0,0,1)		0	 	0	 	0	 	0
e-	 	(0,0,-1)		357.685	 	2.14263	 	0	 	0
gamma	 	(0,1,0)		0	 	0	 	0	 	0
e-	 	(0,0,-1)		347.781	 	0.864812	 	0	 	0
gamma	 	(0,1,0)		0	 	0	 	0	 	0
gamma	 	(0,1,0)		0	 	0	 	0	 	0
e-	 	(0,0,-1)		358.996	 	1.32106	 	0	 	0
gamma	 	(0,1,0)		0	 	0	 	0	 	0
gamma	 	(0,1,0)		0	 	0	 	0	 	0
gamma	 	(0,1,0)		0	 	0	 	0	 	0
gamma	 	(0,1,0)		0	 	0	 	0	 	0
gamma	 	(0,1,0)		0	 	0	 	0	 	0
gamma	 	(0,1,0)		0	 	0	 	0	 	0
e-	 	(0,0,1)		0	 	0	 	0	 	0
gamma	 	(0,1,0)		0	 	0	 	0	 	0
gamma	 	(0,1,0)		0	 	0	 	0	 	0
e-	 	(0,0,1)		0	 	0	 	0	 	0
gamma	 	(0,1,0)		0	 	0	 	0	 	0
e-	 	(0,0,1)		0	 	0	 	0	 	0
gamma	 	(0,1,0)		0	 	0	 	0	 	0
gamma	 	(0,1,0)		0	 	0	 	0	 	0
e-	 	(0,0,-1)		354.823	 	0.912257	 	0	 	0
e-	 	(0,0,-1)		355.881	 	1.03831	 	0	 	0
gamma	 	(0,1,0)		0	 	0	 	0	 	0
e-	 	(0,0,-1)		358.9	 	1.04801	 	0	 	0
gamma	 	(0,1,0)		0	 	0	 	0	 	0
gamma	 	(0,1,0)		0	 	0	 	0	 	0
gamma	 	(0,1,0)		0	 	0	 	0	 	0
gamma	 	(0,1,0)		0	 	0	 	0	 	0
gamma	 	(0,1,0)		0	 	0	 	0	 	0
gamma	 	(0,1,0)		0	 	0	 	0	 	0
gamma	 	(0,1,0)		0	 	0	 	0	 	0
gamma	 	(0,1,0)		0	 	0	 	0	 	0
gamma	 	(0,1,0)		0	 	0	 	0	 	0
gamma	 	(0,1,0)		0	 	0	 	0	 	0
gamma	 	(0,1,0)		0	 	0	 	0	 	0
gamma	 	(0,1,0)		0	 	0	 	0	 	0
e-	 	(0,0,1)		0	 	0	 	0	 	0
gamma	 	(0,1,0)		0	 	0	 	0	 	0
e-	 	(0,0,1)		0	 	0	 	0	 	0
gamma	 	(0,1,0)		0	 	0	 	0	 	0
e-	 	(0,0,-1)		357.509	 	1.44948	 	0	 	0
gamma	 	(0,1,0)		0	 	0	 	0	 	0
e-	 	(0,0,-1)		356.61	 	1.41842	 	0	 	0
gamma	 	(0,1,0)		0	 	0	 	0	 	0
gamma	 	(0,1,0)		0	 	0	 	0	 	0
gamma	 	(0,1,0)		0	 	0	 	0	 	0
gamma	 	(0,1,0)		0	 	0	 	0	 	0
e-	 	(0,0,-1)		357.57	 	1.73073	 	0	 	0
gamma	 	(0,1,0)		0	 	0	 	0	 	0
gamma	 	(0,1,0)		0	 	0	 	0	 	0
e-	 	(0,0,-1)		357.878	 	1.38145	 	0	 	0
e-	 	(0,0,-1)		358.337	 	1.69292	 	0	 	0
gamma	 	(0,1,0)		0	 	0	 	0	 	0
gamma	 	(0,1,0)		0	 	0	 	0	 	0
gamma	 	(0,1,0)		0	 	0	 	0	 	0
gamma	 	(0,1,0)		0	 	0	 	0	 	0
gamma	 	(0,1,0)		0	 	0	 	0	 	0
e-	 	(0,0,-1)		383.641	 	1.3064	 	0	 	0
gamma	 	(0,1,0)		0	 	0	 	0	 	0
gamma	 	(0,1,0)		0	 	0	 	0	 	0
gamma	 	(0,1,0)		0	 	0	 	0	 	0
gamma	 	(0,1,0)		0	 	0	 	0	 	0
e-	 	(0,0,-1)		356.798	 	1.0376	 	0	 	0
gamma	 	(0,1,0)		0	 	0	 	0	 	0
gamma	 	(0,1,0)		0	 	0	 	0	 	0
gamma	 	(0,1,0)		0	 	0	 	0	 	0
e-	 	(0,0,-1)		360.081	 	1.17393	 	0	 	0
gamma	 	(0,1,0)		0	 	0	 	0	 	0
gamma	 	(0,1,0)		0	 	0	 	0	 	0
e-	 	(0,0,1)		0	 	0	 	0	 	0
e-	 	(0,0,-1)		350.372	 	1.54046	 	0	 	0
gamma	 	(0,1,0)		0	 	0	 	0	 	0
e-	 	(0,0,1)		0	 	0	 	0	 	0
gamma	 	(0,1,0)		0	 	0	 	0	 	0
e-	 	(0,0,1)		0	 	0	 	0	 	0
gamma	 	(0,1,0)		0	 	0	 	0	 	0
e-	 	(0,0,-1)		356.49	 	0.728427	 	0	 	0
e-	 	(0,0,-1)		383.044	 	1.44286	 	0	 	0
e-	 	(0,0,-1)		335.675	 	1.70431	 	0	 	0
e-	 	(0,0,-1)		356.142	 	1.32043	 	0	 	0
gamma	 	(0,1,0)		0	 	0	 	0	 	0
e-	 	(0,0,1)		0	 	0	 	0	 	0
gamma	 	(0,1,0)		0	 	0	 	0	 	0
gamma	 	(0,1,0)		0	 	0	 	0	 	0
e-	 	(0,0,-1)		358.191	 	1.74821	 	0	 	0
gamma	 	(0,1,0)		0	 	0	 	0	 	0
gamma	 	(0,1,0)		0	 	0	 	0	 	0
e-	 	(0,0,1)		0	 	0	 	0	 	0
gamma	 	(0,1,0)		0	 	0	 	0	 	0
e-	 	(0,0,1)		0	 	0	 	0	 	0
gamma	 	(0,1,0)		0	 	0	 	0	 	0
gamma	 	(0,1,0)		0	 	0	 	0	 	0
gamma	 	(0,1,0)		0	 	0	 	0	 	0
gamma	 	(0,1,0)		0	 	0	 	0	 	0
e-	 	(0,0,-1)		360.079	 	1.11865	 	0	 	0
gamma	 	(0,1,0)		0	 	0	 	0	 	0
gamma	 	(0,1,0)		0	 	0	 	0	 	0
gamma	 	(0,1,0)		0	 	0	 	0	 	0
e-	 	(0,0,-1)		350.892	 	1.5105	 	0	 	0
gamma	 	(0,1,0)		0	 	0	 	0	 	0
gamma	 	(0,1,0)		0	 	0	 	0	 	0
e-	 	(0,0,1)		0	 	0	 	0	 	0
gamma	 	(0,1,0)		0	 	0	 	0	 	0
gamma	 	(0,1,0)		0	 	0	 	0	 	0
gamma	 	(0,1,0)		0	 	0	 	0	 	0
gamma	 	(0,1,0)		0	 	0	 	0	 	0
gamma	 	(0,1,0)		0	 	0	 	0	 	0
gamma	 	(0,1,0)		0	 	0	 	0	 	0
e-	 	(0,0,-1)		376.865	 	1.20948	 	0	 	0
gamma	 	(0,1,0)		0	 	0	 	0	 	0
e-	 	(0,0,-1)		357.145	 	1.53819	 	0	 	0
gamma	 	(0,1,0)		0	 	0	 	0	 	0
e-	 	(0,0,1)		0	 	0	 	0	 	0
gamma	 	(0,1,0)		0	 	0	 	0	 	0
gamma	 	(0,1,0)		0	 	0	 	0	 	0
e-	 	(0,0,1)		0	 	0	 	0	 	0
e-	 	(0,0,1)		0	 	0	 	0	 	0
gamma	 	(0,1,0)		0	 	0	 	0	 	0
gamma	 	(0,1,0)		0	 	0	 	0	 	0
e-	 	(0,0,-1)		356.085	 	1.63198	 	0	 	0
e-	 	(0,0,1)		0	 	0	 	0	 	0
e-	 	(0,0,-1)		358.648	 	1.72448	 	0	 	0
gamma	 	(0,1,0)		0	 	0	 	0	 	0
e-	 	(0,0,-1)		372.586	 	2.5064	 	0	 	0
gamma	 	(0,1,0)		0	 	0	 	0	 	0
e-	 	(0,0,-1)		358.168	 	1.7955	 	0	 	0
gamma	 	(0,1,0)		0	 	0	 	0	 	0
e-	 	(0,0,-1)		344.488	 	1.51949	 	0	 	0
gamma	 	(0,1,0)		0	 	0	 	0	 	0
gamma	 	(0,1,0)		0	 	0	 	0	 	0
e-	 	(0,0,1)		0	 	0	 	0	 	0
e-	 	(0,0,1)		0	 	0	 	0	 	0
gamma	 	(0,1,0)		0	 	0	 	0	 	0
gamma	 	(0,1,0)		0	 	0	 	0	 	0
gamma	 	(0,1,0)		0	 	0	 	0	 	0
e-	 	(0,0,1)		0	 	0	 	0	 	0
gamma	 	(0,1,0)		0	 	0	 	0	 	0
e-	 	(0,0,1)		0	 	0	 	0	 	0
e-	 	(0,0,-1)		357.706	 	1.14317	 	0	 	0
gamma	 	(0,1,0)		0	 	0	 	0	 	0
e-	 	(0,0,1)		0	 	0	 	0	 	0
gamma	 	(0,1,0)		0	 	0	 	0	 	0
e-	 	(0,0,-1)		358.421	 	1.09758	 	0	 	0
e-	 	(0,0,-1)		377.088	 	0.861822	 	0	 	0
e-	 	(0,0,1)		0	 	0	 	0	 	0
gamma	 	(0,1,0)		0	 	0	 	0	 	0
gamma	 	(0,1,0)		0	 	0	 	0	 	0
gamma	 	(0,1,0)		0	 	0	 	0	 	0
gamma	 	(0,1,0)		0	 	0	 	0	 	0
gamma	 	(0,1,0)		0	 	0	 	0	 	0
gamma	 	(0,1,0)		0	 	0	 	0	 	0
gamma	 	(0,1,0)		0	 	0	 	0	 	0
e-	 	(0,0,-1)		381.836	 	1.26422	 	0	 	0
gamma	 	(0,1,0)		0	 	0	 	0	 	0
gamma	 	(0,1,0)		0	 	0	 	0	 	0
gamma	 	(0,1,0)		0	 	0	 	0	 	0
gamma	 	(0,1,0)		0	 	0	 	0	 	0
e-	 	(0,0,1)		0	 	0	 	0	 	0
e-	 	(0,0,1)		0	 	0	 	0	 	0
e-	 	(0,0,-1)		354.235	 	6.39866	 	0	 	0
gamma	 	(0,1,0)		0	 	0	 	0	 	0
e-	 	(0,0,-1)		359.137	 	1.31134	 	0	 	0
e-	 	(0,0,-1)		356.056	 	2.22889	 	0	 	0
gamma	 	(0,1,0)		0	 	0	 	0	 	0
e-	 	(0,0,-1)		357.521	 	3.12558	 	0	 	0
e-	 	(0,0,-1)		358.001	 	1.34795	 	0	 	0
gamma	 	(0,1,0)		0	 	0	 	0	 	0
gamma	 	(0,1,0)		0	 	0	 	0	 	0
gamma	 	(0,1,0)		0	 	0	 	0	 	0
e-	 	(0,0,-1)		360.057	 	1.43834	 	0	 	0
gamma	 	(0,1,0)		0	 	0	 	0	 	0
gamma	 	(0,1,0)		0	 	0	 	0	 	0
gamma	 	(0,1,0)		0	 	0	 	0	 	0
e-	 	(0,0,-1)		358.877	 	1.41848	 	0	 	0
gamma	 	(0,1,0)		0	 	0	 	0	 	0
e-	 	(0,0,-1)		374.219	 	2.15014	 	0	 	0
gamma	 	(0,1,0)		0	 	0	 	0	 	0
gamma	 	(0,1,0)		0	 	0	 	0	 	0
gamma	 	(0,1,0)		0	 	0	 	0	 	0
gamma	 	(0,1,0)		0	 	0	 	0	 	0
gamma	 	(0,1,0)		0	 	0	 	0	 	0
e-	 	(0,0,-1)		356.918	 	3.22605	 	0	 	0
gamma	 	(0,1,0)		0	 	0	 	0	 	0
gamma	 	(0,1,0)		0	 	0	 	0	 	0
gamma	 	(0,1,0)		0	 	0	 	0	 	0
gamma	 	(0,1,0)		0	 	0	 	0	 	0
gamma	 	(0,1,0)		0	 	0	 	0	 	0
gamma	 	(0,1,0)		0	 	0	 	0	 	0
gamma	 	(0,1,0)		0	 	0	 	0	 	0
gamma	 	(0,1,0)		0	 	0	 	0	 	0
gamma	 	(0,1,0)		0	 	0	 	0	 	0
gamma	 	(0,1,0)		0	 	0	 	0	 	0
gamma	 	(0,1,0)		0	 	0	 	0	 	0
gamma	 	(0,1,0)		0	 	0	 	0	 	0
e-	 	(0,0,-1)		340.225	 	0.95116	 	0	 	0
e-	 	(0,0,1)		0	 	0	 	0	 	0
e-	 	(0,0,-1)		351.365	 	0.960228	 	0	 	0
e-	 	(0,0,1)		0	 	0	 	0	 	0
e-	 	(0,0,-1)		351.641	 	1.53685	 	0	 	0
gamma	 	(0,1,0)		0	 	0	 	0	 	0
gamma	 	(0,1,0)		0	 	0	 	0	 	0
e-	 	(0,0,1)		0	 	0	 	0	 	0
gamma	 	(0,1,0)		0	 	0	 	0	 	0
e-	 	(0,0,-1)		358.926	 	0.878925	 	0	 	0
e-	 	(0,0,1)		0	 	0	 	0	 	0
e-	 	(0,0,-1)		356.469	 	1.69245	 	0	 	0
gamma	 	(0,1,0)		0	 	0	 	0	 	0
e-	 	(0,0,1)		0	 	0	 	0	 	0
e-	 	(0,0,-1)		356.647	 	1.99279	 	0	 	0
gamma	 	(0,1,0)		0	 	0	 	0	 	0
gamma	 	(0,1,0)		0	 	0	 	0	 	0
e-	 	(0,0,1)		0	 	0	 	0	 	0
e-	 	(0,0,1)		0	 	0	 	0	 	0
gamma	 	(0,1,0)		0	 	0	 	0	 	0
gamma	 	(0,1,0)		0	 	0	 	0	 	0
gamma	 	(0,1,0)		0	 	0	 	0	 	0
gamma	 	(0,1,0)		0	 	0	 	0	 	0
gamma	 	(0,1,0)		0	 	0	 	0	 	0
e-	 	(0,0,1)		0	 	0	 	0	 	0
gamma	 	(0,1,0)		0	 	0	 	0	 	0
e-	 	(0,0,-1)		358.492	 	1.99101	 	0	 	0
gamma	 	(0,1,0)		0	 	0	 	0	 	0
e-	 	(0,0,1)		0	 	0	 	0	 	0
e-	 	(0,0,-1)		357.765	 	2.1871	 	0	 	0
gamma	 	(0,1,0)		0	 	0	 	0	 	0
gamma	 	(0,1,0)		0	 	0	 	0	 	0
gamma	 	(0,1,0)		0	 	0	 	0	 	0
e-	 	(0,0,-1)		340.821	 	0.852392	 	0	 	0
gamma	 	(0,1,0)		0	 	0	 	0	 	0
gamma	 	(0,1,0)		0	 	0	 	0	 	0
gamma	 	(0,1,0)		0	 	0	 	0	 	0
e-	 	(0,0,1)		0	 	0	 	0	 	0
gamma	 	(0,1,0)		0	 	0	 	0	 	0
gamma	 	(0,1,0)		0	 	0	 	0	 	0
gamma	 	(0,1,0)		0	 	0	 	0	 	0
gamma	 	(0,1,0)		0	 	0	 	0	 	0
gamma	 	(0,1,0)		0	 	0	 	0	 	0
gamma	 	(0,1,0)		0	 	0	 	0	 	0
e-	 	(0,0,1)		0	 	0	 	0	 	0
e-	 	(0,0,-1)		380.726	 	1.10832	 	0	 	0
gamma	 	(0,1,0)		0	 	0	 	0	 	0
e-	 	(0,0,-1)		337.493	 	1.30923	 	0	 	0
e-	 	(0,0,-1)		269.446	 	15.2328	 	0	 	0
gamma	 	(0,1,0)		0	 	0	 	0	 	0
gamma	 	(0,1,0)		0	 	0	 	0	 	0
e-	 	(0,0,-1)		387.542	 	0.64335	 	0	 	0
gamma	 	(0,1,0)		0	 	0	 	0	 	0
gamma	 	(0,1,0)		0	 	0	 	0	 	0
gamma	 	(0,1,0)		0	 	0	 	0	 	0
gamma	 	(0,1,0)		0	 	0	 	0	 	0
e-	 	(0,0,-1)		359.211	 	1.33185	 	0	 	0
gamma	 	(0,1,0)		0	 	0	 	0	 	0
gamma	 	(0,1,0)		0	 	0	 	0	 	0
gamma	 	(0,1,0)		0	 	0	 	0	 	0
e-	 	(0,0,1)		0	 	0	 	0	 	0
gamma	 	(0,1,0)		0	 	0	 	0	 	0
gamma	 	(0,1,0)		0	 	0	 	0	 	0
gamma	 	(0,1,0)		0	 	0	 	0	 	0
gamma	 	(0,1,0)		0	 	0	 	0	 	0
gamma	 	(0,1,0)		0	 	0	 	0	 	0
gamma	 	(0,1,0)		0	 	0	 	0	 	0
gamma	 	(0,1,0)		0	 	0	 	0	 	0
gamma	 	(0,1,0)		0	 	0	 	0	 	0
e-	 	(0,0,1)		0	 	0	 	0	 	0
gamma	 	(0,1,0)		0	 	0	 	0	 	0
gamma	 	(0,1,0)		0	 	0	 	0	 	0
e-	 	(0,0,1)		0	 	0	 	0	 	0
gamma	 	(0,1,0)		0	 	0	 	0	 	0
gamma	 	(0,1,0)		0	 	0	 	0	 	0
gamma	 	(0,1,0)		0	 	0	 	0	 	0
gamma	 	(0,1,0)		0	 	0	 	0	 	0
gamma	 	(0,1,0)		0	 	0	 	0	 	0
gamma	 	(0,1,0)		0	 	0	 	0	 	0
gamma	 	(0,1,0)		0	 	0	 	0	 	0
e-	 	(0,0,-1)		357.549	 	1.51936	 	0	 	0
e-	 	(0,0,-1)		357.279	 	0.746458	 	0	 	0
gamma	 	(0,1,0)		0	 	0	 	0	 	0
e-	 	(0,0,-1)		383.229	 	0.669338	 	0	 	0
gamma	 	(0,1,0)		0	 	0	 	0	 	0
gamma	 	(0,1,0)		0	 	0	 	0	 	0
e-	 	(0,0,-1)		383.041	 	0.910267	 	0	 	0
gamma	 	(0,1,0)		0	 	0	 	0	 	0
gamma	 	(0,1,0)		0	 	0	 	0	 	0
gamma	 	(0,1,0)		0	 	0	 	0	 	0
gamma	 	(0,1,0)		0	 	0	 	0	 	0
gamma	 	(0,1,0)		0	 	0	 	0	 	0
gamma	 	(0,1,0)		0	 	0	 	0	 	0
e-	 	(0,0,-1)		358.124	 	1.37647	 	0	 	0
e-	 	(0,0,1)		0	 	0	 	0	 	0
gamma	 	(0,1,0)		0	 	0	 	0	 	0
gamma	 	(0,1,0)		0	 	0	 	0	 	0
gamma	 	(0,1,0)		0	 	0	 	0	 	0
e-	 	(0,0,1)		0	 	0	 	0	 	0
e-	 	(0,0,1)		0	 	0	 	0	 	0
gamma	 	(0,1,0)		0	 	0	 	0	 	0
e-	 	(0,0,-1)		358.87	 	1.13309	 	0	 	0
e-	 	(0,0,-1)		359.768	 	0.928935	 	0	 	0
e-	 	(0,0,1)		0	 	0	 	0	 	0
gamma	 	(0,1,0)		0	 	0	 	0	 	0
gamma	 	(0,1,0)		0	 	0	 	0	 	0
gamma	 	(0,1,0)		0	 	0	 	0	 	0
gamma	 	(0,1,0)		0	 	0	 	0	 	0
gamma	 	(0,1,0)		0	 	0	 	0	 	0
e-	 	(0,0,1)		0	 	0	 	0	 	0
gamma	 	(0,1,0)		0	 	0	 	0	 	0
gamma	 	(0,1,0)		0	 	0	 	0	 	0
gamma	 	(0,1,0)		0	 	0	 	0	 	0
gamma	 	(0,1,0)		0	 	0	 	0	 	0
gamma	 	(0,1,0)		0	 	0	 	0	 	0
gamma	 	(0,1,0)		0	 	0	 	0	 	0
gamma	 	(0,1,0)		0	 	0	 	0	 	0
gamma	 	(0,1,0)		0	 	0	 	0	 	0
gamma	 	(0,1,0)		0	 	0	 	0	 	0
e-	 	(0,0,1)		0	 	0	 	0	 	0
gamma	 	(0,1,0)		0	 	0	 	0	 	0
gamma	 	(0,1,0)		0	 	0	 	0	 	0
gamma	 	(0,1,0)		0	 	0	 	0	 	0
gamma	 	(0,1,0)		0	 	0	 	0	 	0
e-	 	(0,0,1)		0	 	0	 	0	 	0
e-	 	(0,0,1)		0	 	0	 	0	 	0
gamma	 	(0,1,0)		0	 	0	 	0	 	0
gamma	 	(0,1,0)		0	 	0	 	0	 	0
gamma	 	(0,1,0)		0	 	0	 	0	 	0
gamma	 	(0,1,0)		0	 	0	 	0	 	0
e-	 	(0,0,1)		0	 	0	 	0	 	0
gamma	 	(0,1,0)		0	 	0	 	0	 	0
gamma	 	(0,1,0)		0	 	0	 	0	 	0
e-	 	(0,0,1)		0	 	0	 	0	 	0
e-	 	(0,0,1)		0	 	0	 	0	 	0
gamma	 	(0,1,0)		0	 	0	 	0	 	0
e-	 	(0,0,-1)		329.793	 	6.07292	 	0	 	0
gamma	 	(0,1,0)		0	 	0	 	0	 	0
gamma	 	(0,1,0)		0	 	0	 	0	 	0
gamma	 	(0,1,0)		0	 	0	 	0	 	0
e-	 	(0,0,-1)		382.406	 	1.21102	 	0	 	0
gamma	 	(0,1,0)		0	 	0	 	0	 	0
gamma	 	(0,1,0)		0	 	0	 	0	 	0
gamma	 	(0,1,0)		0	 	0	 	0	 	0
gamma	 	(0,1,0)		0	 	0	 	0	 	0
gamma	 	(0,1,0)		0	 	0	 	0	 	0
e-	 	(0,0,-1)		348.26	 	1.39693	 	0	 	0
gamma	 	(0,1,0)		0	 	0	 	0	 	0
gamma	 	(0,1,0)		0	 	0	 	0	 	0
gamma	 	(0,1,0)		0	 	0	 	0	 	0
gamma	 	(0,1,0)		0	 	0	 	0	 	0
gamma	 	(0,1,0)		0	 	0	 	0	 	0
gamma	 	(0,1,0)		0	 	0	 	0	 	0
gamma	 	(0,1,0)		0	 	0	 	0	 	0
e-	 	(0,0,1)		0	 	0	 	0	 	0
gamma	 	(0,1,0)		0	 	0	 	0	 	0
gamma	 	(0,1,0)		0	 	0	 	0	 	0
gamma	 	(0,1,0)		0	 	0	 	0	 	0
gamma	 	(0,1,0)		0	 	0	 	0	 	0
gamma	 	(0,1,0)		0	 	0	 	0	 	0
gamma	 	(0,1,0)		0	 	0	 	0	 	0
gamma	 	(0,1,0)		0	 	0	 	0	 	0
gamma	 	(0,1,0)		0	 	0	 	0	 	0
gamma	 	(0,1,0)		0	 	0	 	0	 	0
e-	 	(0,0,-1)		381.757	 	1.18987	 	0	 	0
e-	 	(0,0,-1)		379.143	 	1.1555	 	0	 	0
e-	 	(0,0,1)		0	 	0	 	0	 	0
e-	 	(0,0,1)		0	 	0	 	0	 	0
gamma	 	(0,1,0)		0	 	0	 	0	 	0
gamma	 	(0,1,0)		0	 	0	 	0	 	0
e-	 	(0,0,-1)		382.715	 	1.3105	 	0	 	0
gamma	 	(0,1,0)		0	 	0	 	0	 	0
gamma	 	(0,1,0)		0	 	0	 	0	 	0
gamma	 	(0,1,0)		0	 	0	 	0	 	0
gamma	 	(0,1,0)		0	 	0	 	0	 	0
e-	 	(0,0,-1)		359.493	 	0.915267	 	0	 	0
e-	 	(0,0,1)		0	 	0	 	0	 	0
gamma	 	(0,1,0)		0	 	0	 	0	 	0
gamma	 	(0,1,0)		0	 	0	 	0	 	0
gamma	 	(0,1,0)		0	 	0	 	0	 	0
gamma	 	(0,1,0)		0	 	0	 	0	 	0
gamma	 	(0,1,0)		0	 	0	 	0	 	0
gamma	 	(0,1,0)		0	 	0	 	0	 	0
e-	 	(0,0,-1)		358.825	 	1.05126	 	0	 	0
e-	 	(0,0,-1)		382.806	 	1.07102	 	0	 	0
gamma	 	(0,1,0)		0	 	0	 	0	 	0
e-	 	(0,0,1)		0	 	0	 	0	 	0
gamma	 	(0,1,0)		0	 	0	 	0	 	0
gamma	 	(0,1,0)		0	 	0	 	0	 	0
gamma	 	(0,1,0)		0	 	0	 	0	 	0
gamma	 	(0,1,0)		0	 	0	 	0	 	0
e-	 	(0,0,-1)		344.834	 	1.47788	 	0	 	0
gamma	 	(0,1,0)		0	 	0	 	0	 	0
gamma	 	(0,1,0)		0	 	0	 	0	 	0
gamma	 	(0,1,0)		0	 	0	 	0	 	0
gamma	 	(0,1,0)		0	 	0	 	0	 	0
gamma	 	(0,1,0)		0	 	0	 	0	 	0
gamma	 	(0,1,0)		0	 	0	 	0	 	0
e-	 	(0,0,1)		0	 	0	 	0	 	0
gamma	 	(0,1,0)		0	 	0	 	0	 	0
gamma	 	(0,1,0)		0	 	0	 	0	 	0
e-	 	(0,0,-1)		355.263	 	2.95279	 	0	 	0
gamma	 	(0,1,0)		0	 	0	 	0	 	0
gamma	 	(0,1,0)		0	 	0	 	0	 	0
gamma	 	(0,1,0)		0	 	0	 	0	 	0
gamma	 	(0,1,0)		0	 	0	 	0	 	0
gamma	 	(0,1,0)		0	 	0	 	0	 	0
e-	 	(0,0,1)		0	 	0	 	0	 	0
gamma	 	(0,1,0)		0	 	0	 	0	 	0
gamma	 	(0,1,0)		0	 	0	 	0	 	0
e-	 	(0,0,-1)		354.565	 	1.16458	 	0	 	0
gamma	 	(0,1,0)		0	 	0	 	0	 	0
gamma	 	(0,1,0)		0	 	0	 	0	 	0
gamma	 	(0,1,0)		0	 	0	 	0	 	0
gamma	 	(0,1,0)		0	 	0	 	0	 	0
gamma	 	(0,1,0)		0	 	0	 	0	 	0
e-	 	(0,0,-1)		358.022	 	2.03717	 	0	 	0
gamma	 	(0,1,0)		0	 	0	 	0	 	0
gamma	 	(0,1,0)		0	 	0	 	0	 	0
gamma	 	(0,1,0)		0	 	0	 	0	 	0
gamma	 	(0,1,0)		0	 	0	 	0	 	0
gamma	 	(0,1,0)		0	 	0	 	0	 	0
gamma	 	(0,1,0)		0	 	0	 	0	 	0
gamma	 	(0,1,0)		0	 	0	 	0	 	0
gamma	 	(0,1,0)		0	 	0	 	0	 	0
gamma	 	(0,1,0)		0	 	0	 	0	 	0
gamma	 	(0,1,0)		0	 	0	 	0	 	0
gamma	 	(0,1,0)		0	 	0	 	0	 	0
gamma	 	(0,1,0)		0	 	0	 	0	 	0
gamma	 	(0,1,0)		0	 	0	 	0	 	0
e-	 	(0,0,1)		0	 	0	 	0	 	0
e-	 	(0,0,-1)		358.931	 	1.08948	 	0	 	0
gamma	 	(0,1,0)		0	 	0	 	0	 	0
gamma	 	(0,1,0)		0	 	0	 	0	 	0
gamma	 	(0,1,0)		0	 	0	 	0	 	0
gamma	 	(0,1,0)		0	 	0	 	0	 	0
gamma	 	(0,1,0)		0	 	0	 	0	 	0
gamma	 	(0,1,0)		0	 	0	 	0	 	0
gamma	 	(0,1,0)		0	 	0	 	0	 	0
gamma	 	(0,1,0)		0	 	0	 	0	 	0
e-	 	(0,0,-1)		359.201	 	0.960403	 	0	 	0
e-	 	(0,0,1)		0	 	0	 	0	 	0
gamma	 	(0,1,0)		0	 	0	 	0	 	0
e-	 	(0,0,-1)		357.6	 	1.14156	 	0	 	0
gamma	 	(0,1,0)		0	 	0	 	0	 	0
gamma	 	(0,1,0)		0	 	0	 	0	 	0
e-	 	(0,0,1)		0	 	0	 	0	 	0
gamma	 	(0,1,0)		0	 	0	 	0	 	0
gamma	 	(0,1,0)		0	 	0	 	0	 	0
e-	 	(0,0,-1)		359.507	 	1.04233	 	0	 	0
gamma	 	(0,1,0)		0	 	0	 	0	 	0
gamma	 	(0,1,0)		0	 	0	 	0	 	0
e-	 	(0,0,1)		0	 	0	 	0	 	0
gamma	 	(0,1,0)		0	 	0	 	0	 	0
gamma	 	(0,1,0)		0	 	0	 	0	 	0
gamma	 	(0,1,0)		0	 	0	 	0	 	0
e-	 	(0,0,-1)		359.087	 	1.66862	 	0	 	0
e-	 	(0,0,-1)		347.752	 	1.32093	 	0	 	0
e-	 	(0,0,-1)		338.228	 	1.25135	 	0	 	0
gamma	 	(0,1,0)		0	 	0	 	0	 	0
gamma	 	(0,1,0)		0	 	0	 	0	 	0
gamma	 	(0,1,0)		0	 	0	 	0	 	0
e-	 	(0,0,-1)		359.244	 	1.35732	 	0	 	0
gamma	 	(0,1,0)		0	 	0	 	0	 	0
e-	 	(0,0,1)		0	 	0	 	0	 	0
e-	 	(0,0,1)		0	 	0	 	0	 	0
e-	 	(0,0,-1)		336.292	 	6.76236	 	0	 	0
gamma	 	(0,1,0)		0	 	0	 	0	 	0
gamma	 	(0,1,0)		0	 	0	 	0	 	0
e-	 	(0,0,-1)		331.735	 	1.07117	 	0	 	0
gamma	 	(0,1,0)		0	 	0	 	0	 	0
e-	 	(0,0,1)		0	 	0	 	0	 	0
e-	 	(0,0,-1)		352.971	 	1.85356	 	0	 	0
e-	 	(0,0,1)		0	 	0	 	0	 	0
e-	 	(0,0,-1)		353.455	 	1.04841	 	0	 	0
gamma	 	(0,1,0)		0	 	0	 	0	 	0
gamma	 	(0,1,0)		0	 	0	 	0	 	0
gamma	 	(0,1,0)		0	 	0	 	0	 	0
gamma	 	(0,1,0)		0	 	0	 	0	 	0
gamma	 	(0,1,0)		0	 	0	 	0	 	0
gamma	 	(0,1,0)		0	 	0	 	0	 	0
e-	 	(0,0,1)		0	 	0	 	0	 	0
gamma	 	(0,1,0)		0	 	0	 	0	 	0
gamma	 	(0,1,0)		0	 	0	 	0	 	0
gamma	 	(0,1,0)		0	 	0	 	0	 	0
gamma	 	(0,1,0)		0	 	0	 	0	 	0
gamma	 	(0,1,0)		0	 	0	 	0	 	0
gamma	 	(0,1,0)		0	 	0	 	0	 	0
e-	 	(0,0,-1)		359.727	 	1.41055	 	0	 	0
gamma	 	(0,1,0)		0	 	0	 	0	 	0
gamma	 	(0,1,0)		0	 	0	 	0	 	0
e-	 	(0,0,1)		0	 	0	 	0	 	0
e-	 	(0,0,1)		0	 	0	 	0	 	0
gamma	 	(0,1,0)		0	 	0	 	0	 	0
gamma	 	(0,1,0)		0	 	0	 	0	 	0
gamma	 	(0,1,0)		0	 	0	 	0	 	0
e-	 	(0,0,-1)		379.998	 	1.32915	 	0	 	0
e-	 	(0,0,-1)		381.631	 	0.636707	 	0	 	0
gamma	 	(0,1,0)		0	 	0	 	0	 	0
gamma	 	(0,1,0)		0	 	0	 	0	 	0
e-	 	(0,0,1)		0	 	0	 	0	 	0
gamma	 	(0,1,0)		0	 	0	 	0	 	0
e-	 	(0,0,-1)		382.307	 	1.0445	 	0	 	0
gamma	 	(0,1,0)		0	 	0	 	0	 	0
e-	 	(0,0,1)		0	 	0	 	0	 	0
e-	 	(0,0,1)		0	 	0	 	0	 	0
e-	 	(0,0,1)		0	 	0	 	0	 	0
e-	 	(0,0,-1)		350.398	 	2.0887	 	0	 	0
gamma	 	(0,1,0)		0	 	0	 	0	 	0
gamma	 	(0,1,0)		0	 	0	 	0	 	0
gamma	 	(0,1,0)		0	 	0	 	0	 	0
gamma	 	(0,1,0)		0	 	0	 	0	 	0
gamma	 	(0,1,0)		0	 	0	 	0	 	0
gamma	 	(0,1,0)		0	 	0	 	0	 	0
e-	 	(0,0,-1)		338.794	 	13.5655	 	0	 	0
gamma	 	(0,1,0)		0	 	0	 	0	 	0
gamma	 	(0,1,0)		0	 	0	 	0	 	0
gamma	 	(0,1,0)		0	 	0	 	0	 	0
gamma	 	(0,1,0)		0	 	0	 	0	 	0
gamma	 	(0,1,0)		0	 	0	 	0	 	0
e-	 	(0,0,1)		0	 	0	 	0	 	0
gamma	 	(0,1,0)		0	 	0	 	0	 	0
e-	 	(0,0,1)		0	 	0	 	0	 	0
gamma	 	(0,1,0)		0	 	0	 	0	 	0
gamma	 	(0,1,0)		0	 	0	 	0	 	0
gamma	 	(0,1,0)		0	 	0	 	0	 	0
e-	 	(0,0,-1)		281.376	 	19.7015	 	0	 	0
gamma	 	(0,1,0)		0	 	0	 	0	 	0
e-	 	(0,0,1)		0	 	0	 	0	 	0
gamma	 	(0,1,0)		0	 	0	 	0	 	0
gamma	 	(0,1,0)		0	 	0	 	0	 	0
e-	 	(0,0,-1)		358.78	 	1.06732	 	0	 	0
gamma	 	(0,1,0)		0	 	0	 	0	 	0
gamma	 	(0,1,0)		0	 	0	 	0	 	0
gamma	 	(0,1,0)		0	 	0	 	0	 	0
gamma	 	(0,1,0)		0	 	0	 	0	 	0
gamma	 	(0,1,0)		0	 	0	 	0	 	0
gamma	 	(0,1,0)		0	 	0	 	0	 	0
e-	 	(0,0,-1)		354.61	 	1.04102	 	0	 	0
gamma	 	(0,1,0)		0	 	0	 	0	 	0
gamma	 	(0,1,0)		0	 	0	 	0	 	0
gamma	 	(0,1,0)		0	 	0	 	0	 	0
e-	 	(0,0,-1)		382.966	 	1.09941	 	0	 	0
gamma	 	(0,1,0)		0	 	0	 	0	 	0
gamma	 	(0,1,0)		0	 	0	 	0	 	0
e-	 	(0,0,-1)		358.449	 	1.71317	 	0	 	0
e-	 	(0,0,1)		0	 	0	 	0	 	0
gamma	 	(0,1,0)		0	 	0	 	0	 	0
gamma	 	(0,1,0)		0	 	0	 	0	 	0
gamma	 	(0,1,0)		0	 	0	 	0	 	0
gamma	 	(0,1,0)		0	 	0	 	0	 	0
gamma	 	(0,1,0)		0	 	0	 	0	 	0
e-	 	(0,0,-1)		356.561	 	1.60119	 	0	 	0
gamma	 	(0,1,0)		0	 	0	 	0	 	0
e-	 	(0,0,1)		0	 	0	 	0	 	0
gamma	 	(0,1,0)		0	 	0	 	0	 	0
gamma	 	(0,1,0)		0	 	0	 	0	 	0
gamma	 	(0,1,0)		0	 	0	 	0	 	0
e-	 	(0,0,-1)		358.816	 	1.31347	 	0	 	0
gamma	 	(0,1,0)		0	 	0	 	0	 	0
e-	 	(0,0,1)		0	 	0	 	0	 	0
gamma	 	(0,1,0)		0	 	0	 	0	 	0
gamma	 	(0,1,0)		0	 	0	 	0	 	0
gamma	 	(0,1,0)		0	 	0	 	0	 	0
e-	 	(0,0,1)		0	 	0	 	0	 	0
gamma	 	(0,1,0)		0	 	0	 	0	 	0
gamma	 	(0,1,0)		0	 	0	 	0	 	0
gamma	 	(0,1,0)		0	 	0	 	0	 	0
e-	 	(0,0,1)		0	 	0	 	0	 	0
gamma	 	(0,1,0)		0	 	0	 	0	 	0
gamma	 	(0,1,0)		0	 	0	 	0	 	0
gamma	 	(0,1,0)		0	 	0	 	0	 	0
gamma	 	(0,1,0)		0	 	0	 	0	 	0
gamma	 	(0,1,0)		0	 	0	 	0	 	0
e-	 	(0,0,1)		0	 	0	 	0	 	0
gamma	 	(0,1,0)		0	 	0	 	0	 	0
gamma	 	(0,1,0)		0	 	0	 	0	 	0
gamma	 	(0,1,0)		0	 	0	 	0	 	0
e-	 	(0,0,-1)		359.071	 	1.54676	 	0	 	0
e-	 	(0,0,-1)		352.31	 	1.0732	 	0	 	0
e-	 	(0,0,-1)		352.403	 	1.16663	 	0	 	0
gamma	 	(0,1,0)		0	 	0	 	0	 	0
gamma	 	(0,1,0)		0	 	0	 	0	 	0
gamma	 	(0,1,0)		0	 	0	 	0	 	0
e-	 	(0,0,-1)		350.812	 	1.28954	 	0	 	0
e-	 	(0,0,1)		0	 	0	 	0	 	0
e-	 	(0,0,1)		0	 	0	 	0	 	0
gamma	 	(0,1,0)		0	 	0	 	0	 	0
gamma	 	(0,1,0)		0	 	0	 	0	 	0
e-	 	(0,0,1)		0	 	0	 	0	 	0
gamma	 	(0,1,0)		0	 	0	 	0	 	0
e-	 	(0,0,-1)		381.15	 	1.27817	 	0	 	0
gamma	 	(0,1,0)		0	 	0	 	0	 	0
gamma	 	(0,1,0)		0	 	0	 	0	 	0
gamma	 	(0,1,0)		0	 	0	 	0	 	0
e-	 	(0,0,1)		0	 	0	 	0	 	0
gamma	 	(0,1,0)		0	 	0	 	0	 	0
gamma	 	(0,1,0)		0	 	0	 	0	 	0
gamma	 	(0,1,0)		0	 	0	 	0	 	0
e-	 	(0,0,-1)		359.612	 	1.09423	 	0	 	0
gamma	 	(0,1,0)		0	 	0	 	0	 	0
e-	 	(0,0,1)		0	 	0	 	0	 	0
e-	 	(0,0,-1)		347.291	 	0.930487	 	0	 	0
gamma	 	(0,1,0)		0	 	0	 	0	 	0
gamma	 	(0,1,0)		0	 	0	 	0	 	0
e-	 	(0,0,-1)		358.939	 	0.850774	 	0	 	0
e-	 	(0,0,-1)		372.216	 	0.859905	 	0	 	0
gamma	 	(0,1,0)		0	 	0	 	0	 	0
gamma	 	(0,1,0)		0	 	0	 	0	 	0
e-	 	(0,0,1)		0	 	0	 	0	 	0
gamma	 	(0,1,0)		0	 	0	 	0	 	0
gamma	 	(0,1,0)		0	 	0	 	0	 	0
gamma	 	(0,1,0)		0	 	0	 	0	 	0
gamma	 	(0,1,0)		0	 	0	 	0	 	0
gamma	 	(0,1,0)		0	 	0	 	0	 	0
gamma	 	(0,1,0)		0	 	0	 	0	 	0
gamma	 	(0,1,0)		0	 	0	 	0	 	0
gamma	 	(0,1,0)		0	 	0	 	0	 	0
gamma	 	(0,1,0)		0	 	0	 	0	 	0
gamma	 	(0,1,0)		0	 	0	 	0	 	0
gamma	 	(0,1,0)		0	 	0	 	0	 	0
e-	 	(0,0,-1)		355.433	 	2.33244	 	0	 	0
gamma	 	(0,1,0)		0	 	0	 	0	 	0
gamma	 	(0,1,0)		0	 	0	 	0	 	0
gamma	 	(0,1,0)		0	 	0	 	0	 	0
gamma	 	(0,1,0)		0	 	0	 	0	 	0
gamma	 	(0,1,0)		0	 	0	 	0	 	0
gamma	 	(0,1,0)		0	 	0	 	0	 	0
e-	 	(0,0,-1)		355.696	 	0.559875	 	0	 	0
gamma	 	(0,1,0)		0	 	0	 	0	 	0
gamma	 	(0,1,0)		0	 	0	 	0	 	0
gamma	 	(0,1,0)		0	 	0	 	0	 	0
e-	 	(0,0,-1)		355.34	 	3.61822	 	0	 	0
e-	 	(0,0,-1)		386.02	 	1.01626	 	0	 	0
e-	 	(0,0,1)		0	 	0	 	0	 	0
gamma	 	(0,1,0)		0	 	0	 	0	 	0
e-	 	(0,0,-1)		358.813	 	1.39084	 	0	 	0
e-	 	(0,0,-1)		357.76	 	0.996959	 	0	 	0
gamma	 	(0,1,0)		0	 	0	 	0	 	0
e-	 	(0,0,-1)		356.717	 	1.8339	 	0	 	0
gamma	 	(0,1,0)		0	 	0	 	0	 	0
e-	 	(0,0,-1)		358.658	 	1.16534	 	0	 	0
e-	 	(0,0,1)		0	 	0	 	0	 	0
e-	 	(0,0,-1)		357.075	 	2.5372	 	0	 	0
gamma	 	(0,1,0)		0	 	0	 	0	 	0
gamma	 	(0,1,0)		0	 	0	 	0	 	0
e-	 	(0,0,1)		0	 	0	 	0	 	0
gamma	 	(0,1,0)		0	 	0	 	0	 	0
gamma	 	(0,1,0)		0	 	0	 	0	 	0
gamma	 	(0,1,0)		0	 	0	 	0	 	0
gamma	 	(0,1,0)		0	 	0	 	0	 	0
gamma	 	(0,1,0)		0	 	0	 	0	 	0
e-	 	(0,0,-1)		359.862	 	1.00687	 	0	 	0
gamma	 	(0,1,0)		0	 	0	 	0	 	0
gamma	 	(0,1,0)		0	 	0	 	0	 	0
gamma	 	(0,1,0)		0	 	0	 	0	 	0
e-	 	(0,0,-1)		358.538	 	1.59687	 	0	 	0
gamma	 	(0,1,0)		0	 	0	 	0	 	0
gamma	 	(0,1,0)		0	 	0	 	0	 	0
gamma	 	(0,1,0)		0	 	0	 	0	 	0
e-	 	(0,0,1)		0	 	0	 	0	 	0
gamma	 	(0,1,0)		0	 	0	 	0	 	0
e-	 	(0,0,-1)		350.626	 	2.07893	 	0	 	0
gamma	 	(0,1,0)		0	 	0	 	0	 	0
gamma	 	(0,1,0)		0	 	0	 	0	 	0
e-	 	(0,0,-1)		358.46	 	1.61496	 	0	 	0
e-	 	(0,0,1)		0	 	0	 	0	 	0
gamma	 	(0,1,0)		0	 	0	 	0	 	0
gamma	 	(0,1,0)		0	 	0	 	0	 	0
gamma	 	(0,1,0)		0	 	0	 	0	 	0
gamma	 	(0,1,0)		0	 	0	 	0	 	0
gamma	 	(0,1,0)		0	 	0	 	0	 	0
gamma	 	(0,1,0)		0	 	0	 	0	 	0
gamma	 	(0,1,0)		0	 	0	 	0	 	0
e-	 	(0,0,-1)		357.55	 	2.03931	 	0	 	0
gamma	 	(0,1,0)		0	 	0	 	0	 	0
gamma	 	(0,1,0)		0	 	0	 	0	 	0
e-	 	(0,0,1)		0	 	0	 	0	 	0
e-	 	(0,0,-1)		358.177	 	1.65922	 	0	 	0
e-	 	(0,0,1)		0	 	0	 	0	 	0
e-	 	(0,0,-1)		346.767	 	4.38625	 	0	 	0
gamma	 	(0,1,0)		0	 	0	 	0	 	0
e-	 	(0,0,1)		0	 	0	 	0	 	0
gamma	 	(0,1,0)		0	 	0	 	0	 	0
e-	 	(0,0,1)		0	 	0	 	0	 	0
gamma	 	(0,1,0)		0	 	0	 	0	 	0
e-	 	(0,0,-1)		355.985	 	3.29165	 	0	 	0
e-	 	(0,0,1)		0	 	0	 	0	 	0
e-	 	(0,0,-1)		344.156	 	1.45771	 	0	 	0
gamma	 	(0,1,0)		0	 	0	 	0	 	0
gamma	 	(0,1,0)		0	 	0	 	0	 	0
gamma	 	(0,1,0)		0	 	0	 	0	 	0
e-	 	(0,0,-1)		358.429	 	2.15741	 	0	 	0
gamma	 	(0,1,0)		0	 	0	 	0	 	0
gamma	 	(0,1,0)		0	 	0	 	0	 	0
gamma	 	(0,1,0)		0	 	0	 	0	 	0
e-	 	(0,0,1)		0	 	0	 	0	 	0
e-	 	(0,0,1)		0	 	3.11121	 	0	 	0
gamma	 	(0,1,0)		0	 	0	 	0	 	0
gamma	 	(0,1,0)		0	 	0	 	0	 	0
e-	 	(0,0,-1)		359.812	 	0.989401	 	0	 	0
e-	 	(0,0,-1)		358.405	 	1.31549	 	0	 	0
gamma	 	(0,1,0)		0	 	0	 	0	 	0
gamma	 	(0,1,0)		0	 	0	 	0	 	0
e-	 	(0,0,1)		0	 	0	 	0	 	0
gamma	 	(0,1,0)		0	 	0	 	0	 	0
gamma	 	(0,1,0)		0	 	0	 	0	 	0
gamma	 	(0,1,0)		0	 	0	 	0	 	0
gamma	 	(0,1,0)		0	 	0	 	0	 	0
gamma	 	(0,1,0)		0	 	0	 	0	 	0
e-	 	(0,0,1)		0	 	0	 	0	 	0
e-	 	(0,0,-1)		358.79	 	1.14846	 	0	 	0
gamma	 	(0,1,0)		0	 	0	 	0	 	0
e-	 	(0,0,-1)		358.459	 	0.660663	 	0	 	0
gamma	 	(0,1,0)		0	 	0	 	0	 	0
gamma	 	(0,1,0)		0	 	0	 	0	 	0
gamma	 	(0,1,0)		0	 	0	 	0	 	0
gamma	 	(0,1,0)		0	 	0	 	0	 	0
e-	 	(0,0,1)		0	 	0	 	0	 	0
e-	 	(0,0,-1)		359.583	 	1.30507	 	0	 	0
gamma	 	(0,1,0)		0	 	0	 	0	 	0
gamma	 	(0,1,0)		0	 	0	 	0	 	0
gamma	 	(0,1,0)		0	 	0	 	0	 	0
gamma	 	(0,1,0)		0	 	0	 	0	 	0
gamma	 	(0,1,0)		0	 	0	 	0	 	0
gamma	 	(0,1,0)		0	 	0	 	0	 	0
gamma	 	(0,1,0)		0	 	0	 	0	 	0
e-	 	(0,0,-1)		380.016	 	2.03426	 	0	 	0
e-	 	(0,0,-1)		353.586	 	1.27331	 	0	 	0
gamma	 	(0,1,0)		0	 	0	 	0	 	0
gamma	 	(0,1,0)		0	 	0	 	0	 	0
e-	 	(0,0,-1)		359.774	 	1.04424	 	0	 	0
e-	 	(0,0,-1)		158.31	 	60.3907	 	0	 	0
e-	 	(0,0,1)		0	 	0	 	0	 	0
e-	 	(0,0,-1)		358.984	 	1.52441	 	0	 	0
gamma	 	(0,1,0)		0	 	0	 	0	 	0
gamma	 	(0,1,0)		0	 	0	 	0	 	0
gamma	 	(0,1,0)		0	 	0	 	0	 	0
gamma	 	(0,1,0)		0	 	0	 	0	 	0
gamma	 	(0,1,0)		0	 	0	 	0	 	0
gamma	 	(0,1,0)		0	 	0	 	0	 	0
gamma	 	(0,1,0)		0	 	0	 	0	 	0
gamma	 	(0,1,0)		0	 	0	 	0	 	0
gamma	 	(0,1,0)		0	 	0	 	0	 	0
gamma	 	(0,1,0)		0	 	0	 	0	 	0
gamma	 	(0,1,0)		0	 	0	 	0	 	0
e-	 	(0,0,1)		0	 	0	 	0	 	0
gamma	 	(0,1,0)		0	 	0	 	0	 	0
e-	 	(0,0,1)		0	 	0	 	0	 	0
gamma	 	(0,1,0)		0	 	0	 	0	 	0
gamma	 	(0,1,0)		0	 	0	 	0	 	0
e-	 	(0,0,1)		0	 	0	 	0	 	0
gamma	 	(0,1,0)		0	 	0	 	0	 	0
gamma	 	(0,1,0)		0	 	0	 	0	 	0
gamma	 	(0,1,0)		0	 	0	 	0	 	0
gamma	 	(0,1,0)		0	 	0	 	0	 	0
gamma	 	(0,1,0)		0	 	0	 	0	 	0
gamma	 	(0,1,0)		0	 	0	 	0	 	0
gamma	 	(0,1,0)		0	 	0	 	0	 	0
gamma	 	(0,1,0)		0	 	0	 	0	 	0
gamma	 	(0,1,0)		0	 	0	 	0	 	0
e-	 	(0,0,1)		0	 	0	 	0	 	0
e-	 	(0,0,-1)		339.893	 	0.936194	 	0	 	0
gamma	 	(0,1,0)		0	 	0	 	0	 	0
gamma	 	(0,1,0)		0	 	0	 	0	 	0
gamma	 	(0,1,0)		0	 	0	 	0	 	0
gamma	 	(0,1,0)		0	 	0	 	0	 	0
gamma	 	(0,1,0)		0	 	0	 	0	 	0
gamma	 	(0,1,0)		0	 	0	 	0	 	0
gamma	 	(0,1,0)		0	 	0	 	0	 	0
e-	 	(0,0,1)		0	 	0	 	0	 	0
e-	 	(0,0,-1)		347.213	 	2.09049	 	0	 	0
e-	 	(0,0,-1)		356.347	 	2.10964	 	0	 	0
e-	 	(0,0,-1)		235.521	 	4.80133	 	0	 	0
gamma	 	(0,1,0)		0	 	0	 	0	 	0
gamma	 	(0,1,0)		0	 	0	 	0	 	0
gamma	 	(0,1,0)		0	 	0	 	0	 	0
gamma	 	(0,1,0)		0	 	0	 	0	 	0
gamma	 	(0,1,0)		0	 	0	 	0	 	0
gamma	 	(0,1,0)		0	 	0	 	0	 	0
gamma	 	(0,1,0)		0	 	0	 	0	 	0
gamma	 	(0,1,0)		0	 	0	 	0	 	0
e-	 	(0,0,1)		0	 	0	 	0	 	0
e-	 	(0,0,-1)		358.769	 	1.02897	 	0	 	0
e-	 	(0,0,1)		0	 	0	 	0	 	0
e-	 	(0,0,1)		0	 	0	 	0	 	0
gamma	 	(0,1,0)		0	 	0	 	0	 	0
gamma	 	(0,1,0)		0	 	0	 	0	 	0
gamma	 	(0,1,0)		0	 	0	 	0	 	0
e-	 	(0,0,1)		0	 	0	 	0	 	0
gamma	 	(0,1,0)		0	 	0	 	0	 	0
e-	 	(0,0,-1)		355.803	 	4.4249	 	0	 	0
e-	 	(0,0,1)		0	 	0	 	0	 	0
gamma	 	(0,1,0)		0	 	0	 	0	 	0
gamma	 	(0,1,0)		0	 	0	 	0	 	0
gamma	 	(0,1,0)		0	 	0	 	0	 	0
gamma	 	(0,1,0)		0	 	0	 	0	 	0
gamma	 	(0,1,0)		0	 	0	 	0	 	0
e-	 	(0,0,-1)		352.454	 	2.81333	 	0	 	0
gamma	 	(0,1,0)		0	 	0	 	0	 	0
gamma	 	(0,1,0)		0	 	0	 	0	 	0
gamma	 	(0,1,0)		0	 	0	 	0	 	0
e-	 	(0,0,1)		0	 	0	 	0	 	0
gamma	 	(0,1,0)		0	 	0	 	0	 	0
gamma	 	(0,1,0)		0	 	0	 	0	 	0
gamma	 	(0,1,0)		0	 	0	 	0	 	0
gamma	 	(0,1,0)		0	 	0	 	0	 	0
e-	 	(0,0,-1)		358.872	 	0.898715	 	0	 	0
gamma	 	(0,1,0)		0	 	0	 	0	 	0
e-	 	(0,0,1)		0	 	0	 	0	 	0
e-	 	(0,0,1)		0	 	0	 	0	 	0
e-	 	(0,0,1)		0	 	0	 	0	 	0
gamma	 	(0,1,0)		0	 	0	 	0	 	0
e-	 	(0,0,-1)		357.43	 	1.854	 	0	 	0
gamma	 	(0,1,0)		0	 	0	 	0	 	0
gamma	 	(0,1,0)		0	 	0	 	0	 	0
e-	 	(0,0,-1)		358.487	 	1.27692	 	0	 	0
e-	 	(0,0,1)		0	 	0	 	0	 	0
gamma	 	(0,1,0)		0	 	0	 	0	 	0
gamma	 	(0,1,0)		0	 	0	 	0	 	0
e-	 	(0,0,-1)		358.433	 	0.598159	 	0	 	0
gamma	 	(0,1,0)		0	 	0	 	0	 	0
gamma	 	(0,1,0)		0	 	0	 	0	 	0
gamma	 	(0,1,0)		0	 	0	 	0	 	0
gamma	 	(0,1,0)		0	 	0	 	0	 	0
gamma	 	(0,1,0)		0	 	0	 	0	 	0
gamma	 	(0,1,0)		0	 	0	 	0	 	0
gamma	 	(0,1,0)		0	 	0	 	0	 	0
gamma	 	(0,1,0)		0	 	0	 	0	 	0
gamma	 	(0,1,0)		0	 	0	 	0	 	0
gamma	 	(0,1,0)		0	 	0	 	0	 	0
gamma	 	(0,1,0)		0	 	0	 	0	 	0
e-	 	(0,0,1)		0	 	0	 	0	 	0
e-	 	(0,0,-1)		369.025	 	2.33224	 	0	 	0
gamma	 	(0,1,0)		0	 	0	 	0	 	0
gamma	 	(0,1,0)		0	 	0	 	0	 	0
gamma	 	(0,1,0)		0	 	0	 	0	 	0
gamma	 	(0,1,0)		0	 	0	 	0	 	0
gamma	 	(0,1,0)		0	 	0	 	0	 	0
gamma	 	(0,1,0)		0	 	0	 	0	 	0
gamma	 	(0,1,0)		0	 	0	 	0	 	0
gamma	 	(0,1,0)		0	 	0	 	0	 	0
gamma	 	(0,1,0)		0	 	0	 	0	 	0
e-	 	(0,0,1)		0	 	0	 	0	 	0
e-	 	(0,0,1)		0	 	0	 	0	 	0
e-	 	(0,0,-1)		357.463	 	1.86763	 	0	 	0
gamma	 	(0,1,0)		0	 	0	 	0	 	0
e-	 	(0,0,1)		0	 	0	 	0	 	0
gamma	 	(0,1,0)		0	 	0	 	0	 	0
gamma	 	(0,1,0)		0	 	0	 	0	 	0
e-	 	(0,0,1)		0	 	0	 	0	 	0
gamma	 	(0,1,0)		0	 	0	 	0	 	0
gamma	 	(0,1,0)		0	 	0	 	0	 	0
gamma	 	(0,1,0)		0	 	0	 	0	 	0
e-	 	(0,0,-1)		357.961	 	1.11047	 	0	 	0
e-	 	(0,0,1)		0	 	0	 	0	 	0
gamma	 	(0,1,0)		0	 	0	 	0	 	0
gamma	 	(0,1,0)		0	 	0	 	0	 	0
e-	 	(0,0,1)		0	 	0	 	0	 	0
e-	 	(0,0,1)		0	 	0	 	0	 	0
gamma	 	(0,1,0)		0	 	0	 	0	 	0
e-	 	(0,0,1)		0	 	0	 	0	 	0
e-	 	(0,0,1)		0	 	0	 	0	 	0
gamma	 	(0,1,0)		0	 	0	 	0	 	0
e-	 	(0,0,-1)		350.809	 	1.10662	 	0	 	0
e-	 	(0,0,-1)		381.668	 	6.13333	 	0	 	0
e-	 	(0,0,-1)		353.679	 	1.45194	 	0	 	0
e-	 	(0,0,1)		0	 	0	 	0	 	0
gamma	 	(0,1,0)		0	 	0	 	0	 	0
gamma	 	(0,1,0)		0	 	0	 	0	 	0
gamma	 	(0,1,0)		0	 	0	 	0	 	0
gamma	 	(0,1,0)		0	 	0	 	0	 	0
gamma	 	(0,1,0)		0	 	0	 	0	 	0
gamma	 	(0,1,0)		0	 	0	 	0	 	0
e-	 	(0,0,-1)		359.75	 	0.669984	 	0	 	0
gamma	 	(0,1,0)		0	 	0	 	0	 	0
gamma	 	(0,1,0)		0	 	0	 	0	 	0
gamma	 	(0,1,0)		0	 	0	 	0	 	0
e-	 	(0,0,1)		0	 	0	 	0	 	0
e-	 	(0,0,1)		0	 	0	 	0	 	0
gamma	 	(0,1,0)		0	 	0	 	0	 	0
e-	 	(0,0,1)		0	 	0	 	0	 	0
gamma	 	(0,1,0)		0	 	0	 	0	 	0
e-	 	(0,0,-1)		359.702	 	0.974068	 	0	 	0
e-	 	(0,0,-1)		356.426	 	3.53623	 	0	 	0
e-	 	(0,0,1)		0	 	0	 	0	 	0
gamma	 	(0,1,0)		0	 	0	 	0	 	0
e-	 	(0,0,-1)		383.582	 	1.10725	 	0	 	0
gamma	 	(0,1,0)		0	 	0	 	0	 	0
gamma	 	(0,1,0)		0	 	0	 	0	 	0
e-	 	(0,0,-1)		358.99	 	1.63502	 	0	 	0
e-	 	(0,0,-1)		359.259	 	1.4926	 	0	 	0
gamma	 	(0,1,0)		0	 	0	 	0	 	0
gamma	 	(0,1,0)		0	 	0	 	0	 	0
gamma	 	(0,1,0)		0	 	0	 	0	 	0
e-	 	(0,0,1)		0	 	0	 	0	 	0
gamma	 	(0,1,0)		0	 	0	 	0	 	0
gamma	 	(0,1,0)		0	 	0	 	0	 	0
e-	 	(0,0,-1)		359.084	 	1.12311	 	0	 	0
e-	 	(0,0,1)		0	 	0	 	0	 	0
gamma	 	(0,1,0)		0	 	0	 	0	 	0
gamma	 	(0,1,0)		0	 	0	 	0	 	0
e-	 	(0,0,1)		0	 	0	 	0	 	0
gamma	 	(0,1,0)		0	 	0	 	0	 	0
e-	 	(0,0,-1)		346.512	 	1.32347	 	0	 	0
e-	 	(0,0,-1)		348.469	 	1.35407	 	0	 	0
gamma	 	(0,1,0)		0	 	0	 	0	 	0
e-	 	(0,0,1)		0	 	0	 	0	 	0
e-	 	(0,0,-1)		358.093	 	1.69336	 	0	 	0
gamma	 	(0,1,0)		0	 	0	 	0	 	0
gamma	 	(0,1,0)		0	 	0	 	0	 	0
gamma	 	(0,1,0)		0	 	0	 	0	 	0
gamma	 	(0,1,0)		0	 	0	 	0	 	0
e-	 	(0,0,1)		0	 	0	 	0	 	0
gamma	 	(0,1,0)		0	 	0	 	0	 	0
e-	 	(0,0,1)		0	 	0	 	0	 	0
gamma	 	(0,1,0)		0	 	0	 	0	 	0
gamma	 	(0,1,0)		0	 	0	 	0	 	0
e-	 	(0,0,1)		0	 	0	 	0	 	0
e-	 	(0,0,1)		0	 	0	 	0	 	0
e-	 	(0,0,-1)		341.707	 	1.10911	 	0	 	0
gamma	 	(0,1,0)		0	 	0	 	0	 	0
gamma	 	(0,1,0)		0	 	0	 	0	 	0
e-	 	(0,0,-1)		359.298	 	1.19562	 	0	 	0
e-	 	(0,0,1)		0	 	0	 	0	 	0
e-	 	(0,0,-1)		357.329	 	1.59199	 	0	 	0
e-	 	(0,0,-1)		356.844	 	1.47757	 	0	 	0
gamma	 	(0,1,0)		0	 	0	 	0	 	0
e-	 	(0,0,1)		0	 	0	 	0	 	0
gamma	 	(0,1,0)		0	 	0	 	0	 	0
e-	 	(0,0,1)		0	 	0	 	0	 	0
gamma	 	(0,1,0)		0	 	0	 	0	 	0
e-	 	(0,0,1)		0	 	0	 	0	 	0
e-	 	(0,0,1)		0	 	0	 	0	 	0
e-	 	(0,0,1)		0	 	0	 	0	 	0
gamma	 	(0,1,0)		0	 	0	 	0	 	0
e-	 	(0,0,1)		0	 	0	 	0	 	0
gamma	 	(0,1,0)		0	 	0	 	0	 	0
gamma	 	(0,1,0)		0	 	0	 	0	 	0
gamma	 	(0,1,0)		0	 	0	 	0	 	0
gamma	 	(0,1,0)		0	 	0	 	0	 	0
e-	 	(0,0,1)		0	 	0	 	0	 	0
gamma	 	(0,1,0)		0	 	0	 	0	 	0
gamma	 	(0,1,0)		0	 	0	 	0	 	0
gamma	 	(0,1,0)		0	 	0	 	0	 	0
gamma	 	(0,1,0)		0	 	0	 	0	 	0
gamma	 	(0,1,0)		0	 	0	 	0	 	0
e-	 	(0,0,-1)		382.6	 	1.66066	 	0	 	0
e-	 	(0,0,1)		0	 	0	 	0	 	0
e-	 	(0,0,-1)		354.644	 	1.53348	 	0	 	0
e-	 	(0,0,-1)		352.876	 	4.89211	 	0	 	0
e-	 	(0,0,-1)		356.998	 	2.44797	 	0	 	0
gamma	 	(0,1,0)		0	 	0	 	0	 	0
gamma	 	(0,1,0)		0	 	0	 	0	 	0
gamma	 	(0,1,0)		0	 	0	 	0	 	0
e-	 	(0,0,1)		0	 	0	 	0	 	0
e-	 	(0,0,1)		0	 	0	 	0	 	0
gamma	 	(0,1,0)		0	 	0	 	0	 	0
e-	 	(0,0,1)		0	 	0	 	0	 	0
e-	 	(0,0,1)		0	 	0	 	0	 	0
e-	 	(0,0,-1)		381.521	 	1.52503	 	0	 	0
e-	 	(0,0,-1)		357.909	 	0.633281	 	0	 	0
e-	 	(0,0,1)		0	 	0	 	0	 	0
e-	 	(0,0,1)		0	 	0	 	0	 	0
e-	 	(0,0,-1)		348.42	 	1.18372	 	0	 	0
gamma	 	(0,1,0)		0	 	0	 	0	 	0
gamma	 	(0,1,0)		0	 	0	 	0	 	0
gamma	 	(0,1,0)		0	 	0	 	0	 	0
gamma	 	(0,1,0)		0	 	0	 	0	 	0
gamma	 	(0,1,0)		0	 	0	 	0	 	0
gamma	 	(0,1,0)		0	 	0	 	0	 	0
gamma	 	(0,1,0)		0	 	0	 	0	 	0
gamma	 	(0,1,0)		0	 	0	 	0	 	0
gamma	 	(0,1,0)		0	 	0	 	0	 	0
gamma	 	(0,1,0)		0	 	0	 	0	 	0
gamma	 	(0,1,0)		0	 	0	 	0	 	0
gamma	 	(0,1,0)		0	 	0	 	0	 	0
gamma	 	(0,1,0)		0	 	0	 	0	 	0
gamma	 	(0,1,0)		0	 	0	 	0	 	0
gamma	 	(0,1,0)		0	 	0	 	0	 	0
gamma	 	(0,1,0)		0	 	0	 	0	 	0
gamma	 	(0,1,0)		0	 	0	 	0	 	0
gamma	 	(0,1,0)		0	 	0	 	0	 	0
e-	 	(0,0,-1)		357.083	 	1.93436	 	0	 	0
gamma	 	(0,1,0)		0	 	0	 	0	 	0
gamma	 	(0,1,0)		0	 	0	 	0	 	0
gamma	 	(0,1,0)		0	 	0	 	0	 	0
e-	 	(0,0,1)		0	 	0	 	0	 	0
gamma	 	(0,1,0)		0	 	0	 	0	 	0
gamma	 	(0,1,0)		0	 	0	 	0	 	0
e-	 	(0,0,1)		0	 	0	 	0	 	0
e-	 	(0,0,-1)		27.5208	 	3.08909	 	0	 	0
gamma	 	(0,1,0)		0	 	0	 	0	 	0
gamma	 	(0,1,0)		0	 	0	 	0	 	0
e-	 	(0,0,1)		0	 	0	 	0	 	0
gamma	 	(0,1,0)		0	 	0	 	0	 	0
gamma	 	(0,1,0)		0	 	0	 	0	 	0
e-	 	(0,0,-1)		358.402	 	0.828529	 	0	 	0
e-	 	(0,0,1)		0	 	0	 	0	 	0
e-	 	(0,0,-1)		352.584	 	1.02293	 	0	 	0
gamma	 	(0,1,0)		0	 	0	 	0	 	0
e-	 	(0,0,1)		0	 	0	 	0	 	0
e-	 	(0,0,-1)		359.471	 	0.965645	 	0	 	0
gamma	 	(0,1,0)		0	 	0	 	0	 	0
gamma	 	(0,1,0)		0	 	0	 	0	 	0
gamma	 	(0,1,0)		0	 	0	 	0	 	0
gamma	 	(0,1,0)		0	 	0	 	0	 	0
gamma	 	(0,1,0)		0	 	0	 	0	 	0
e-	 	(0,0,-1)		348.708	 	1.85849	 	0	 	0
e-	 	(0,0,1)		0	 	0	 	0	 	0
e-	 	(0,0,-1)		357.387	 	2.47549	 	0	 	0
gamma	 	(0,1,0)		0	 	0	 	0	 	0
gamma	 	(0,1,0)		0	 	0	 	0	 	0
e-	 	(0,0,1)		0	 	0	 	0	 	0
e-	 	(0,0,-1)		351.233	 	1.09813	 	0	 	0
gamma	 	(0,1,0)		0	 	0	 	0	 	0
gamma	 	(0,1,0)		0	 	0	 	0	 	0
gamma	 	(0,1,0)		0	 	0	 	0	 	0
gamma	 	(0,1,0)		0	 	0	 	0	 	0
gamma	 	(0,1,0)		0	 	0	 	0	 	0
e-	 	(0,0,1)		0	 	0	 	0	 	0
e-	 	(0,0,-1)		358.978	 	1.81032	 	0	 	0
gamma	 	(0,1,0)		0	 	0	 	0	 	0
gamma	 	(0,1,0)		0	 	0	 	0	 	0
gamma	 	(0,1,0)		0	 	0	 	0	 	0
gamma	 	(0,1,0)		0	 	0	 	0	 	0
gamma	 	(0,1,0)		0	 	0	 	0	 	0
gamma	 	(0,1,0)		0	 	0	 	0	 	0
e-	 	(0,0,1)		0	 	0	 	0	 	0
gamma	 	(0,1,0)		0	 	0	 	0	 	0
gamma	 	(0,1,0)		0	 	0	 	0	 	0
e-	 	(0,0,-1)		358.283	 	1.3975	 	0	 	0
gamma	 	(0,1,0)		0	 	0	 	0	 	0
e-	 	(0,0,-1)		356.426	 	1.4792	 	0	 	0
e-	 	(0,0,-1)		358.678	 	2.26709	 	0	 	0
gamma	 	(0,1,0)		0	 	0	 	0	 	0
e-	 	(0,0,1)		0	 	0	 	0	 	0
gamma	 	(0,1,0)		0	 	0	 	0	 	0
gamma	 	(0,1,0)		0	 	0	 	0	 	0
gamma	 	(0,1,0)		0	 	0	 	0	 	0
gamma	 	(0,1,0)		0	 	0	 	0	 	0
gamma	 	(0,1,0)		0	 	0	 	0	 	0
gamma	 	(0,1,0)		0	 	0	 	0	 	0
gamma	 	(0,1,0)		0	 	0	 	0	 	0
gamma	 	(0,1,0)		0	 	0	 	0	 	0
gamma	 	(0,1,0)		0	 	0	 	0	 	0
gamma	 	(0,1,0)		0	 	0	 	0	 	0
e-	 	(0,0,-1)		352.953	 	7.55271	 	0	 	0
e-	 	(0,0,-1)		358.085	 	1.21419	 	0	 	0
gamma	 	(0,1,0)		0	 	0	 	0	 	0
gamma	 	(0,1,0)		0	 	0	 	0	 	0
gamma	 	(0,1,0)		0	 	0	 	0	 	0
gamma	 	(0,1,0)		0	 	0	 	0	 	0
gamma	 	(0,1,0)		0	 	0	 	0	 	0
e-	 	(0,0,1)		0	 	0	 	0	 	0
gamma	 	(0,1,0)		0	 	0	 	0	 	0
gamma	 	(0,1,0)		0	 	0	 	0	 	0
gamma	 	(0,1,0)		0	 	0	 	0	 	0
e-	 	(0,0,-1)		357.965	 	0.963918	 	0	 	0
gamma	 	(0,1,0)		0	 	0	 	0	 	0
gamma	 	(0,1,0)		0	 	0	 	0	 	0
gamma	 	(0,1,0)		0	 	0	 	0	 	0
gamma	 	(0,1,0)		0	 	0	 	0	 	0
gamma	 	(0,1,0)		0	 	0	 	0	 	0
gamma	 	(0,1,0)		0	 	0	 	0	 	0
e-	 	(0,0,-1)		385.774	 	1.26326	 	0	 	0
gamma	 	(0,1,0)		0	 	0	 	0	 	0
gamma	 	(0,1,0)		0	 	0	 	0	 	0
gamma	 	(0,1,0)		0	 	0	 	0	 	0
gamma	 	(0,1,0)		0	 	0	 	0	 	0
gamma	 	(0,1,0)		0	 	0	 	0	 	0
gamma	 	(0,1,0)		0	 	0	 	0	 	0
gamma	 	(0,1,0)		0	 	0	 	0	 	0
gamma	 	(0,1,0)		0	 	0	 	0	 	0
e-	 	(0,0,-1)		304.574	 	23.2547	 	0	 	0
e-	 	(0,0,-1)		356.168	 	1.28541	 	0	 	0
gamma	 	(0,1,0)		0	 	0	 	0	 	0
gamma	 	(0,1,0)		0	 	0	 	0	 	0
gamma	 	(0,1,0)		0	 	0	 	0	 	0
gamma	 	(0,1,0)		0	 	0	 	0	 	0
gamma	 	(0,1,0)		0	 	0	 	0	 	0
gamma	 	(0,1,0)		0	 	0	 	0	 	0
e-	 	(0,0,1)		0	 	0	 	0	 	0
gamma	 	(0,1,0)		0	 	0	 	0	 	0
e-	 	(0,0,-1)		345.598	 	2.14665	 	0	 	0
gamma	 	(0,1,0)		0	 	0	 	0	 	0
e-	 	(0,0,1)		0	 	0	 	0	 	0
gamma	 	(0,1,0)		0	 	0	 	0	 	0
e-	 	(0,0,1)		0	 	0	 	0	 	0
gamma	 	(0,1,0)		0	 	0	 	0	 	0
e-	 	(0,0,-1)		357.688	 	1.77338	 	0	 	0
gamma	 	(0,1,0)		0	 	0	 	0	 	0
gamma	 	(0,1,0)		0	 	0	 	0	 	0
gamma	 	(0,1,0)		0	 	0	 	0	 	0
e-	 	(0,0,1)		0	 	0	 	0	 	0
gamma	 	(0,1,0)		0	 	0	 	0	 	0
gamma	 	(0,1,0)		0	 	0	 	0	 	0
gamma	 	(0,1,0)		0	 	0	 	0	 	0
gamma	 	(0,1,0)		0	 	0	 	0	 	0
gamma	 	(0,1,0)		0	 	0	 	0	 	0
gamma	 	(0,1,0)		0	 	0	 	0	 	0
gamma	 	(0,1,0)		0	 	0	 	0	 	0
e-	 	(0,0,-1)		349.742	 	1.23606	 	0	 	0
gamma	 	(0,1,0)		0	 	0	 	0	 	0
gamma	 	(0,1,0)		0	 	0	 	0	 	0
e-	 	(0,0,-1)		164.382	 	3.07084	 	0	 	0
e-	 	(0,0,1)		0	 	0	 	0	 	0
e-	 	(0,0,1)		0	 	0	 	0	 	0
e-	 	(0,0,-1)		355.268	 	2.15978	 	0	 	0
gamma	 	(0,1,0)		0	 	0	 	0	 	0
gamma	 	(0,1,0)		0	 	0	 	0	 	0
gamma	 	(0,1,0)		0	 	0	 	0	 	0
gamma	 	(0,1,0)		0	 	0	 	0	 	0
e-	 	(0,0,-1)		356.741	 	3.45145	 	0	 	0
e-	 	(0,0,1)		0	 	0	 	0	 	0
gamma	 	(0,1,0)		0	 	0	 	0	 	0
gamma	 	(0,1,0)		0	 	0	 	0	 	0
e-	 	(0,0,1)		0	 	0	 	0	 	0
e-	 	(0,0,1)		0	 	0	 	0	 	0
gamma	 	(0,1,0)		0	 	0	 	0	 	0
gamma	 	(0,1,0)		0	 	0	 	0	 	0
e-	 	(0,0,1)		0	 	0	 	0	 	0
gamma	 	(0,1,0)		0	 	0	 	0	 	0
gamma	 	(0,1,0)		0	 	0	 	0	 	0
e-	 	(0,0,1)		0	 	0	 	0	 	0
gamma	 	(0,1,0)		0	 	0	 	0	 	0
e-	 	(0,0,1)		0	 	0	 	0	 	0
e-	 	(0,0,-1)		358.337	 	1.75809	 	0	 	0
e-	 	(0,0,-1)		230.403	 	4.22643	 	0	 	0
gamma	 	(0,1,0)		0	 	0	 	0	 	0
gamma	 	(0,1,0)		0	 	0	 	0	 	0
gamma	 	(0,1,0)		0	 	0	 	0	 	0
e-	 	(0,0,1)		0	 	0	 	0	 	0
gamma	 	(0,1,0)		0	 	0	 	0	 	0
gamma	 	(0,1,0)		0	 	0	 	0	 	0
gamma	 	(0,1,0)		0	 	0	 	0	 	0
e-	 	(0,0,1)		0	 	0	 	0	 	0
gamma	 	(0,1,0)		0	 	0	 	0	 	0
e-	 	(0,0,1)		0	 	0	 	0	 	0
gamma	 	(0,1,0)		0	 	0	 	0	 	0
gamma	 	(0,1,0)		0	 	0	 	0	 	0
e-	 	(0,0,-1)		270.841	 	18.687	 	0	 	0
e-	 	(0,0,1)		0	 	0	 	0	 	0
e-	 	(0,0,1)		0	 	0	 	0	 	0
e-	 	(0,0,1)		0	 	0	 	0	 	0
e-	 	(0,0,-1)		358.512	 	0.996623	 	0	 	0
gamma	 	(0,1,0)		0	 	0	 	0	 	0
e-	 	(0,0,1)		0	 	0	 	0	 	0
gamma	 	(0,1,0)		0	 	0	 	0	 	0
e-	 	(0,0,-1)		382.572	 	0.992099	 	0	 	0
e-	 	(0,0,1)		0	 	0	 	0	 	0
e-	 	(0,0,1)		0	 	0	 	0	 	0
e-	 	(0,0,-1)		357.978	 	1.76779	 	0	 	0
gamma	 	(0,1,0)		0	 	0	 	0	 	0
gamma	 	(0,1,0)		0	 	0	 	0	 	0
gamma	 	(0,1,0)		0	 	0	 	0	 	0
e-	 	(0,0,1)		0	 	0	 	0	 	0
gamma	 	(0,1,0)		0	 	0	 	0	 	0
gamma	 	(0,1,0)		0	 	0	 	0	 	0
e-	 	(0,0,-1)		355.778	 	3.70725	 	0	 	0
gamma	 	(0,1,0)		0	 	0	 	0	 	0
e-	 	(0,0,-1)		358.032	 	1.15652	 	0	 	0
gamma	 	(0,1,0)		0	 	0	 	0	 	0
gamma	 	(0,1,0)		0	 	0	 	0	 	0
e-	 	(0,0,1)		0	 	0	 	0	 	0
e-	 	(0,0,1)		0	 	0	 	0	 	0
gamma	 	(0,1,0)		0	 	0	 	0	 	0
e-	 	(0,0,-1)		360.102	 	1.13587	 	0	 	0
e-	 	(0,0,1)		0	 	0	 	0	 	0
gamma	 	(0,1,0)		0	 	0	 	0	 	0
gamma	 	(0,1,0)		0	 	0	 	0	 	0
gamma	 	(0,1,0)		0	 	0	 	0	 	0
gamma	 	(0,1,0)		0	 	0	 	0	 	0
gamma	 	(0,1,0)		0	 	0	 	0	 	0
e-	 	(0,0,1)		291.774	 	2.36682	 	0	 	0
gamma	 	(0,1,0)		0	 	0	 	0	 	0
e-	 	(0,0,-1)		341.911	 	1.50297	 	0	 	0
e-	 	(0,0,-1)		357.886	 	0.898389	 	0	 	0
e-	 	(0,0,-1)		380.916	 	2.4174	 	0	 	0
gamma	 	(0,1,0)		0	 	0	 	0	 	0
e-	 	(0,0,1)		0	 	0	 	0	 	0
e-	 	(0,0,-1)		358.629	 	1.22028	 	0	 	0
e-	 	(0,0,-1)		357.251	 	2.04635	 	0	 	0
gamma	 	(0,1,0)		0	 	0	 	0	 	0
gamma	 	(0,1,0)		0	 	0	 	0	 	0
e-	 	(0,0,1)		0	 	0	 	0	 	0
gamma	 	(0,1,0)		0	 	0	 	0	 	0
gamma	 	(0,1,0)		0	 	0	 	0	 	0
e-	 	(0,0,-1)		358.09	 	1.82414	 	0	 	0
gamma	 	(0,1,0)		0	 	0	 	0	 	0
e-	 	(0,0,1)		0	 	0	 	0	 	0
gamma	 	(0,1,0)		0	 	0	 	0	 	0
gamma	 	(0,1,0)		0	 	0	 	0	 	0
gamma	 	(0,1,0)		0	 	0	 	0	 	0
e-	 	(0,0,-1)		357.853	 	1.27288	 	0	 	0
gamma	 	(0,1,0)		0	 	0	 	0	 	0
e-	 	(0,0,-1)		354.064	 	0.893358	 	0	 	0
gamma	 	(0,1,0)		0	 	0	 	0	 	0
e-	 	(0,0,1)		0	 	0	 	0	 	0
e-	 	(0,0,-1)		351.251	 	1.61	 	0	 	0
e-	 	(0,0,-1)		359.379	 	1.26441	 	0	 	0
gamma	 	(0,1,0)		0	 	0	 	0	 	0
e-	 	(0,0,1)		0	 	0	 	0	 	0
gamma	 	(0,1,0)		0	 	0	 	0	 	0
gamma	 	(0,1,0)		0	 	0	 	0	 	0
gamma	 	(0,1,0)		0	 	0	 	0	 	0
gamma	 	(0,1,0)		0	 	0	 	0	 	0
e-	 	(0,0,-1)		359.031	 	1.06133	 	0	 	0
gamma	 	(0,1,0)		0	 	0	 	0	 	0
gamma	 	(0,1,0)		0	 	0	 	0	 	0
e-	 	(0,0,1)		0	 	0	 	0	 	0
gamma	 	(0,1,0)		0	 	0	 	0	 	0
gamma	 	(0,1,0)		0	 	0	 	0	 	0
e-	 	(0,0,1)		0	 	0	 	0	 	0
e-	 	(0,0,-1)		357.649	 	2.16032	 	0	 	0
gamma	 	(0,1,0)		0	 	0	 	0	 	0
gamma	 	(0,1,0)		0	 	0	 	0	 	0
e-	 	(0,0,1)		0	 	0	 	0	 	0
e-	 	(0,0,-1)		357.416	 	1.36245	 	0	 	0
gamma	 	(0,1,0)		0	 	0	 	0	 	0
gamma	 	(0,1,0)		0	 	0	 	0	 	0
gamma	 	(0,1,0)		0	 	0	 	0	 	0
e-	 	(0,0,1)		0	 	0	 	0	 	0
gamma	 	(0,1,0)		0	 	0	 	0	 	0
gamma	 	(0,1,0)		0	 	0	 	0	 	0
gamma	 	(0,1,0)		0	 	0	 	0	 	0
e-	 	(0,0,-1)		347.865	 	1.05999	 	0	 	0
gamma	 	(0,1,0)		0	 	0	 	0	 	0
e-	 	(0,0,-1)		358.4	 	2.06552	 	0	 	0
gamma	 	(0,1,0)		0	 	0	 	0	 	0
e-	 	(0,0,-1)		379.902	 	4.14981	 	0	 	0
gamma	 	(0,1,0)		0	 	0	 	0	 	0
e-	 	(0,0,1)		0	 	0	 	0	 	0
e-	 	(0,0,-1)		359.306	 	1.65708	 	0	 	0
gamma	 	(0,1,0)		0	 	0	 	0	 	0
e-	 	(0,0,-1)		357.749	 	1.33538	 	0	 	0
gamma	 	(0,1,0)		0	 	0	 	0	 	0
e-	 	(0,0,1)		0	 	0	 	0	 	0
e-	 	(0,0,-1)		356.958	 	1.22686	 	0	 	0
e-	 	(0,0,-1)		355.803	 	1.40642	 	0	 	0
e-	 	(0,0,-1)		357.001	 	2.00619	 	0	 	0
e-	 	(0,0,-1)		359.137	 	1.39936	 	0	 	0
e-	 	(0,0,-1)		348.532	 	2.29571	 	0	 	0
e-	 	(0,0,-1)		382.583	 	0.582283	 	0	 	0
gamma	 	(0,1,0)		0	 	0	 	0	 	0
gamma	 	(0,1,0)		0	 	0	 	0	 	0
gamma	 	(0,1,0)		0	 	0	 	0	 	0
e-	 	(0,0,-1)		358.056	 	0.911016	 	0	 	0
gamma	 	(0,1,0)		0	 	0	 	0	 	0
gamma	 	(0,1,0)		0	 	0	 	0	 	0
gamma	 	(0,1,0)		0	 	0	 	0	 	0
gamma	 	(0,1,0)		0	 	0	 	0	 	0
gamma	 	(0,1,0)		0	 	0	 	0	 	0
e-	 	(0,0,-1)		358.257	 	1.21314	 	0	 	0
gamma	 	(0,1,0)		0	 	0	 	0	 	0
gamma	 	(0,1,0)		0	 	0	 	0	 	0
gamma	 	(0,1,0)		0	 	0	 	0	 	0
gamma	 	(0,1,0)		0	 	0	 	0	 	0
gamma	 	(0,1,0)		0	 	0	 	0	 	0
e-	 	(0,0,-1)		358.539	 	1.36148	 	0	 	0
gamma	 	(0,1,0)		0	 	0	 	0	 	0
gamma	 	(0,1,0)		0	 	0	 	0	 	0
gamma	 	(0,1,0)		0	 	0	 	0	 	0
gamma	 	(0,1,0)		0	 	0	 	0	 	0
gamma	 	(0,1,0)		0	 	0	 	0	 	0
gamma	 	(0,1,0)		0	 	0	 	0	 	0
gamma	 	(0,1,0)		0	 	0	 	0	 	0
gamma	 	(0,1,0)		0	 	0	 	0	 	0
gamma	 	(0,1,0)		0	 	0	 	0	 	0
e-	 	(0,0,1)		0	 	0	 	0	 	0
gamma	 	(0,1,0)		0	 	0	 	0	 	0
gamma	 	(0,1,0)		0	 	0	 	0	 	0
gamma	 	(0,1,0)		0	 	0	 	0	 	0
gamma	 	(0,1,0)		0	 	0	 	0	 	0
gamma	 	(0,1,0)		0	 	0	 	0	 	0
e-	 	(0,0,-1)		347.494	 	1.62459	 	0	 	0
e-	 	(0,0,-1)		342.882	 	1.42345	 	0	 	0
gamma	 	(0,1,0)		0	 	0	 	0	 	0
gamma	 	(0,1,0)		0	 	0	 	0	 	0
gamma	 	(0,1,0)		0	 	0	 	0	 	0
gamma	 	(0,1,0)		0	 	0	 	0	 	0
gamma	 	(0,1,0)		0	 	0	 	0	 	0
gamma	 	(0,1,0)		0	 	0	 	0	 	0
gamma	 	(0,1,0)		0	 	0	 	0	 	0
gamma	 	(0,1,0)		0	 	0	 	0	 	0
e-	 	(0,0,-1)		358.573	 	1.73115	 	0	 	0
gamma	 	(0,1,0)		0	 	0	 	0	 	0
gamma	 	(0,1,0)		0	 	0	 	0	 	0
e-	 	(0,0,-1)		358.822	 	0.91012	 	0	 	0
gamma	 	(0,1,0)		0	 	0	 	0	 	0
gamma	 	(0,1,0)		0	 	0	 	0	 	0
gamma	 	(0,1,0)		0	 	0	 	0	 	0
gamma	 	(0,1,0)		0	 	0	 	0	 	0
gamma	 	(0,1,0)		0	 	0	 	0	 	0
e-	 	(0,0,1)		0	 	0	 	0	 	0
gamma	 	(0,1,0)		0	 	0	 	0	 	0
e-	 	(0,0,-1)		355.053	 	1.54813	 	0	 	0
e-	 	(0,0,1)		0	 	0	 	0	 	0
e-	 	(0,0,-1)		357.657	 	2.23757	 	0	 	0
gamma	 	(0,1,0)		0	 	0	 	0	 	0
e-	 	(0,0,-1)		356.971	 	1.99309	 	0	 	0
gamma	 	(0,1,0)		0	 	0	 	0	 	0
gamma	 	(0,1,0)		0	 	0	 	0	 	0
gamma	 	(0,1,0)		0	 	0	 	0	 	0
gamma	 	(0,1,0)		0	 	0	 	0	 	0
gamma	 	(0,1,0)		0	 	0	 	0	 	0
e-	 	(0,0,-1)		366.874	 	1.14677	 	0	 	0
gamma	 	(0,1,0)		0	 	0	 	0	 	0
e-	 	(0,0,-1)		356.801	 	0.766794	 	0	 	0
gamma	 	(0,1,0)		0	 	0	 	0	 	0
gamma	 	(0,1,0)		0	 	0	 	0	 	0
gamma	 	(0,1,0)		0	 	0	 	0	 	0
gamma	 	(0,1,0)		0	 	0	 	0	 	0
e-	 	(0,0,1)		0	 	0	 	0	 	0
gamma	 	(0,1,0)		0	 	0	 	0	 	0
gamma	 	(0,1,0)		0	 	0	 	0	 	0
gamma	 	(0,1,0)		0	 	0	 	0	 	0
gamma	 	(0,1,0)		0	 	0	 	0	 	0
gamma	 	(0,1,0)		0	 	0	 	0	 	0
gamma	 	(0,1,0)		0	 	0	 	0	 	0
gamma	 	(0,1,0)		0	 	0	 	0	 	0
e-	 	(0,0,-1)		359.72	 	0.776288	 	0	 	0
e-	 	(0,0,-1)		358.838	 	1.7605	 	0	 	0
gamma	 	(0,1,0)		0	 	0	 	0	 	0
e-	 	(0,0,-1)		358.845	 	1.09466	 	0	 	0
gamma	 	(0,1,0)		0	 	0	 	0	 	0
gamma	 	(0,1,0)		0	 	0	 	0	 	0
e-	 	(0,0,-1)		357.809	 	1.51	 	0	 	0
gamma	 	(0,1,0)		0	 	0	 	0	 	0
gamma	 	(0,1,0)		0	 	0	 	0	 	0
e-	 	(0,0,1)		0	 	0	 	0	 	0
e-	 	(0,0,1)		0	 	0	 	0	 	0
e-	 	(0,0,1)		0	 	0	 	0	 	0
gamma	 	(0,1,0)		0	 	0	 	0	 	0
gamma	 	(0,1,0)		0	 	0	 	0	 	0
gamma	 	(0,1,0)		0	 	0	 	0	 	0
gamma	 	(0,1,0)		0	 	0	 	0	 	0
gamma	 	(0,1,0)		0	 	0	 	0	 	0
gamma	 	(0,1,0)		0	 	0	 	0	 	0
gamma	 	(0,1,0)		0	 	0	 	0	 	0
gamma	 	(0,1,0)		0	 	0	 	0	 	0
gamma	 	(0,1,0)		0	 	0	 	0	 	0
gamma	 	(0,1,0)		0	 	0	 	0	 	0
gamma	 	(0,1,0)		0	 	0	 	0	 	0
gamma	 	(0,1,0)		0	 	0	 	0	 	0
e-	 	(0,0,1)		0	 	0	 	0	 	0
e-	 	(0,0,1)		0	 	0	 	0	 	0
gamma	 	(0,1,0)		0	 	0	 	0	 	0
gamma	 	(0,1,0)		0	 	0	 	0	 	0
gamma	 	(0,1,0)		0	 	0	 	0	 	0
e-	 	(0,0,-1)		356.931	 	2.35914	 	0	 	0
gamma	 	(0,1,0)		0	 	0	 	0	 	0
gamma	 	(0,1,0)		0	 	0	 	0	 	0
gamma	 	(0,1,0)		0	 	0	 	0	 	0
e-	 	(0,0,1)		0	 	0	 	0	 	0
e-	 	(0,0,1)		0	 	0	 	0	 	0
e-	 	(0,0,1)		0	 	0	 	0	 	0
gamma	 	(0,1,0)		0	 	0	 	0	 	0
e-	 	(0,0,1)		0	 	0	 	0	 	0
gamma	 	(0,1,0)		0	 	0	 	0	 	0
e-	 	(0,0,-1)		358.384	 	1.23037	 	0	 	0
gamma	 	(0,1,0)		0	 	0	 	0	 	0
gamma	 	(0,1,0)		0	 	0	 	0	 	0
gamma	 	(0,1,0)		0	 	0	 	0	 	0
gamma	 	(0,1,0)		0	 	0	 	0	 	0
gamma	 	(0,1,0)		0	 	0	 	0	 	0
gamma	 	(0,1,0)		0	 	0	 	0	 	0
e-	 	(0,0,1)		0	 	0	 	0	 	0
gamma	 	(0,1,0)		0	 	0	 	0	 	0
e-	 	(0,0,-1)		351.022	 	1.16968	 	0	 	0
gamma	 	(0,1,0)		0	 	0	 	0	 	0
e-	 	(0,0,1)		0	 	0	 	0	 	0
gamma	 	(0,1,0)		0	 	0	 	0	 	0
gamma	 	(0,1,0)		0	 	0	 	0	 	0
gamma	 	(0,1,0)		0	 	0	 	0	 	0
gamma	 	(0,1,0)		0	 	0	 	0	 	0
gamma	 	(0,1,0)		0	 	0	 	0	 	0
gamma	 	(0,1,0)		0	 	0	 	0	 	0
e-	 	(0,0,-1)		358.553	 	1.65653	 	0	 	0
e-	 	(0,0,-1)		360.157	 	1.01006	 	0	 	0
gamma	 	(0,1,0)		0	 	0	 	0	 	0
e-	 	(0,0,-1)		359.584	 	0.79661	 	0	 	0
gamma	 	(0,1,0)		0	 	0	 	0	 	0
gamma	 	(0,1,0)		0	 	0	 	0	 	0
gamma	 	(0,1,0)		0	 	0	 	0	 	0
gamma	 	(0,1,0)		0	 	0	 	0	 	0
gamma	 	(0,1,0)		0	 	0	 	0	 	0
gamma	 	(0,1,0)		0	 	0	 	0	 	0
gamma	 	(0,1,0)		0	 	0	 	0	 	0
gamma	 	(0,1,0)		0	 	0	 	0	 	0
gamma	 	(0,1,0)		0	 	0	 	0	 	0
gamma	 	(0,1,0)		0	 	0	 	0	 	0
gamma	 	(0,1,0)		0	 	0	 	0	 	0
gamma	 	(0,1,0)		0	 	0	 	0	 	0
e-	 	(0,0,-1)		357.706	 	1.31132	 	0	 	0
gamma	 	(0,1,0)		0	 	0	 	0	 	0
gamma	 	(0,1,0)		0	 	0	 	0	 	0
gamma	 	(0,1,0)		0	 	0	 	0	 	0
e-	 	(0,0,1)		0	 	0	 	0	 	0
e-	 	(0,0,-1)		239.061	 	2.8943	 	0	 	0
gamma	 	(0,1,0)		0	 	0	 	0	 	0
e-	 	(0,0,1)		0	 	0	 	0	 	0
gamma	 	(0,1,0)		0	 	0	 	0	 	0
gamma	 	(0,1,0)		0	 	0	 	0	 	0
gamma	 	(0,1,0)		0	 	0	 	0	 	0
gamma	 	(0,1,0)		0	 	0	 	0	 	0
gamma	 	(0,1,0)		0	 	0	 	0	 	0
e-	 	(0,0,-1)		357.767	 	1.51122	 	0	 	0
gamma	 	(0,1,0)		0	 	0	 	0	 	0
gamma	 	(0,1,0)		0	 	0	 	0	 	0
e-	 	(0,0,-1)		359.107	 	1.51506	 	0	 	0
e-	 	(0,0,-1)		252.505	 	20.9012	 	0	 	0
gamma	 	(0,1,0)		0	 	0	 	0	 	0
gamma	 	(0,1,0)		0	 	0	 	0	 	0
gamma	 	(0,1,0)		0	 	0	 	0	 	0
gamma	 	(0,1,0)		0	 	0	 	0	 	0
gamma	 	(0,1,0)		0	 	0	 	0	 	0
e-	 	(0,0,-1)		376.019	 	1.35402	 	0	 	0
e-	 	(0,0,-1)		358.188	 	1.63046	 	0	 	0
gamma	 	(0,1,0)		0	 	0	 	0	 	0
gamma	 	(0,1,0)		0	 	0	 	0	 	0
gamma	 	(0,1,0)		0	 	0	 	0	 	0
e-	 	(0,0,-1)		349.913	 	1.27371	 	0	 	0
e-	 	(0,0,1)		0	 	0	 	0	 	0
gamma	 	(0,1,0)		0	 	0	 	0	 	0
gamma	 	(0,1,0)		0	 	0	 	0	 	0
e-	 	(0,0,-1)		343.982	 	1.35001	 	0	 	0
e-	 	(0,0,-1)		382.528	 	1.41217	 	0	 	0
e-	 	(0,0,-1)		343.472	 	1.44279	 	0	 	0
gamma	 	(0,1,0)		0	 	0	 	0	 	0
gamma	 	(0,1,0)		0	 	0	 	0	 	0
gamma	 	(0,1,0)		0	 	0	 	0	 	0
gamma	 	(0,1,0)		0	 	0	 	0	 	0
e-	 	(0,0,-1)		358.354	 	1.17395	 	0	 	0
gamma	 	(0,1,0)		0	 	0	 	0	 	0
e-	 	(0,0,1)		0	 	0	 	0	 	0
gamma	 	(0,1,0)		0	 	0	 	0	 	0
e-	 	(0,0,-1)		330.778	 	40.9767	 	0	 	0
e-	 	(0,0,-1)		358.969	 	0.877405	 	0	 	0
e-	 	(0,0,-1)		356.905	 	3.13248	 	0	 	0
gamma	 	(0,1,0)		0	 	0	 	0	 	0
gamma	 	(0,1,0)		0	 	0	 	0	 	0
e-	 	(0,0,-1)		358.646	 	1.78243	 	0	 	0
e-	 	(0,0,1)		0	 	0	 	0	 	0
gamma	 	(0,1,0)		0	 	0	 	0	 	0
gamma	 	(0,1,0)		0	 	0	 	0	 	0
gamma	 	(0,1,0)		0	 	0	 	0	 	0
gamma	 	(0,1,0)		0	 	0	 	0	 	0
gamma	 	(0,1,0)		0	 	0	 	0	 	0
gamma	 	(0,1,0)		0	 	0	 	0	 	0
gamma	 	(0,1,0)		0	 	0	 	0	 	0
gamma	 	(0,1,0)		0	 	0	 	0	 	0
gamma	 	(0,1,0)		0	 	0	 	0	 	0
e-	 	(0,0,-1)		358.025	 	1.21878	 	0	 	0
e-	 	(0,0,1)		0	 	0	 	0	 	0
e-	 	(0,0,1)		0	 	0	 	0	 	0
gamma	 	(0,1,0)		0	 	0	 	0	 	0
gamma	 	(0,1,0)		0	 	0	 	0	 	0
gamma	 	(0,1,0)		0	 	0	 	0	 	0
gamma	 	(0,1,0)		0	 	0	 	0	 	0
gamma	 	(0,1,0)		0	 	0	 	0	 	0
gamma	 	(0,1,0)		0	 	0	 	0	 	0
gamma	 	(0,1,0)		0	 	0	 	0	 	0
gamma	 	(0,1,0)		0	 	0	 	0	 	0
gamma	 	(0,1,0)		0	 	0	 	0	 	0
e-	 	(0,0,1)		0	 	0	 	0	 	0
gamma	 	(0,1,0)		0	 	0	 	0	 	0
gamma	 	(0,1,0)		0	 	0	 	0	 	0
e-	 	(0,0,1)		0	 	0	 	0	 	0
gamma	 	(0,1,0)		0	 	0	 	0	 	0
gamma	 	(0,1,0)		0	 	0	 	0	 	0
gamma	 	(0,1,0)		0	 	0	 	0	 	0
gamma	 	(0,1,0)		0	 	0	 	0	 	0
e-	 	(0,0,-1)		347.635	 	1.14494	 	0	 	0
e-	 	(0,0,-1)		358.16	 	1.30991	 	0	 	0
e-	 	(0,0,-1)		357.282	 	0.916831	 	0	 	0
gamma	 	(0,1,0)		0	 	0	 	0	 	0
gamma	 	(0,1,0)		0	 	0	 	0	 	0
gamma	 	(0,1,0)		0	 	0	 	0	 	0
gamma	 	(0,1,0)		0	 	0	 	0	 	0
gamma	 	(0,1,0)		0	 	0	 	0	 	0
gamma	 	(0,1,0)		0	 	0	 	0	 	0
gamma	 	(0,1,0)		0	 	0	 	0	 	0
gamma	 	(0,1,0)		0	 	0	 	0	 	0
gamma	 	(0,1,0)		0	 	0	 	0	 	0
gamma	 	(0,1,0)		0	 	0	 	0	 	0
e-	 	(0,0,-1)		381.961	 	1.87276	 	0	 	0
e-	 	(0,0,1)		0	 	0	 	0	 	0
gamma	 	(0,1,0)		0	 	0	 	0	 	0
gamma	 	(0,1,0)		0	 	0	 	0	 	0
gamma	 	(0,1,0)		0	 	0	 	0	 	0
gamma	 	(0,1,0)		0	 	0	 	0	 	0
e-	 	(0,0,1)		0	 	0	 	0	 	0
gamma	 	(0,1,0)		0	 	0	 	0	 	0
gamma	 	(0,1,0)		0	 	0	 	0	 	0
e-	 	(0,0,-1)		358.878	 	2.04755	 	0	 	0
gamma	 	(0,1,0)		0	 	0	 	0	 	0
gamma	 	(0,1,0)		0	 	0	 	0	 	0
e-	 	(0,0,1)		0	 	0	 	0	 	0
e-	 	(0,0,-1)		377.122	 	0.545762	 	0	 	0
gamma	 	(0,1,0)		0	 	0	 	0	 	0
gamma	 	(0,1,0)		0	 	0	 	0	 	0
gamma	 	(0,1,0)		0	 	0	 	0	 	0
e-	 	(0,0,1)		0	 	0	 	0	 	0
e-	 	(0,0,-1)		382.544	 	0.879954	 	0	 	0
e-	 	(0,0,1)		0	 	0	 	0	 	0
gamma	 	(0,1,0)		0	 	0	 	0	 	0
e-	 	(0,0,-1)		346.143	 	1.94314	 	0	 	0
gamma	 	(0,1,0)		0	 	0	 	0	 	0
e-	 	(0,0,-1)		384.478	 	0.847375	 	0	 	0
gamma	 	(0,1,0)		0	 	0	 	0	 	0
gamma	 	(0,1,0)		0	 	0	 	0	 	0
gamma	 	(0,1,0)		0	 	0	 	0	 	0
gamma	 	(0,1,0)		0	 	0	 	0	 	0
gamma	 	(0,1,0)		0	 	0	 	0	 	0
e-	 	(0,0,-1)		357.971	 	1.60031	 	0	 	0
gamma	 	(0,1,0)		0	 	0	 	0	 	0
gamma	 	(0,1,0)		0	 	0	 	0	 	0
e-	 	(0,0,1)		0	 	0	 	0	 	0
gamma	 	(0,1,0)		0	 	0	 	0	 	0
e-	 	(0,0,1)		0	 	0	 	0	 	0
e-	 	(0,0,1)		0	 	0	 	0	 	0
gamma	 	(0,1,0)		0	 	0	 	0	 	0
gamma	 	(0,1,0)		0	 	0	 	0	 	0
gamma	 	(0,1,0)		0	 	0	 	0	 	0
gamma	 	(0,1,0)		0	 	0	 	0	 	0
gamma	 	(0,1,0)		0	 	0	 	0	 	0
e-	 	(0,0,-1)		357.223	 	0.988279	 	0	 	0
e-	 	(0,0,-1)		355.865	 	2.31074	 	0	 	0
gamma	 	(0,1,0)		0	 	0	 	0	 	0
gamma	 	(0,1,0)		0	 	0	 	0	 	0
gamma	 	(0,1,0)		0	 	0	 	0	 	0
gamma	 	(0,1,0)		0	 	0	 	0	 	0
e-	 	(0,0,1)		0	 	0	 	0	 	0
e-	 	(0,0,1)		0	 	0	 	0	 	0
gamma	 	(0,1,0)		0	 	0	 	0	 	0
e-	 	(0,0,-1)		358.045	 	1.30412	 	0	 	0
gamma	 	(0,1,0)		0	 	0	 	0	 	0
gamma	 	(0,1,0)		0	 	0	 	0	 	0
e-	 	(0,0,-1)		355.897	 	3.35968	 	0	 	0
gamma	 	(0,1,0)		0	 	0	 	0	 	0
gamma	 	(0,1,0)		0	 	0	 	0	 	0
e-	 	(0,0,-1)		358.475	 	1.47333	 	0	 	0
e-	 	(0,0,-1)		345.465	 	1.48047	 	0	 	0
gamma	 	(0,1,0)		0	 	0	 	0	 	0
gamma	 	(0,1,0)		0	 	0	 	0	 	0
e-	 	(0,0,1)		0	 	0	 	0	 	0
e-	 	(0,0,-1)		304.91	 	6.51759	 	0	 	0
e-	 	(0,0,1)		0	 	0	 	0	 	0
gamma	 	(0,1,0)		0	 	0	 	0	 	0
e-	 	(0,0,1)		0	 	0	 	0	 	0
gamma	 	(0,1,0)		0	 	0	 	0	 	0
gamma	 	(0,1,0)		0	 	0	 	0	 	0
gamma	 	(0,1,0)		0	 	0	 	0	 	0
gamma	 	(0,1,0)		0	 	0	 	0	 	0
e-	 	(0,0,1)		0	 	0	 	0	 	0
gamma	 	(0,1,0)		0	 	0	 	0	 	0
gamma	 	(0,1,0)		0	 	0	 	0	 	0
gamma	 	(0,1,0)		0	 	0	 	0	 	0
e-	 	(0,0,-1)		359.07	 	0.856538	 	0	 	0
gamma	 	(0,1,0)		0	 	0	 	0	 	0
e-	 	(0,0,-1)		382.599	 	1.88536	 	0	 	0
gamma	 	(0,1,0)		0	 	0	 	0	 	0
gamma	 	(0,1,0)		0	 	0	 	0	 	0
e-	 	(0,0,-1)		349.76	 	1.25374	 	0	 	0
e-	 	(0,0,-1)		357.12	 	1.0088	 	0	 	0
gamma	 	(0,1,0)		0	 	0	 	0	 	0
gamma	 	(0,1,0)		0	 	0	 	0	 	0
gamma	 	(0,1,0)		0	 	0	 	0	 	0
e-	 	(0,0,-1)		358.879	 	0.914114	 	0	 	0
gamma	 	(0,1,0)		0	 	0	 	0	 	0
e-	 	(0,0,1)		0	 	0	 	0	 	0
e-	 	(0,0,1)		0	 	0	 	0	 	0
e-	 	(0,0,-1)		357.381	 	1.79815	 	0	 	0
e-	 	(0,0,-1)		358.531	 	1.25309	 	0	 	0
gamma	 	(0,1,0)		0	 	0	 	0	 	0
gamma	 	(0,1,0)		0	 	0	 	0	 	0
gamma	 	(0,1,0)		0	 	0	 	0	 	0
e-	 	(0,0,-1)		356.237	 	1.33786	 	0	 	0
e-	 	(0,0,-1)		359.597	 	0.882955	 	0	 	0
e-	 	(0,0,1)		0	 	0	 	0	 	0
gamma	 	(0,1,0)		0	 	0	 	0	 	0
gamma	 	(0,1,0)		0	 	0	 	0	 	0
gamma	 	(0,1,0)		0	 	0	 	0	 	0
e-	 	(0,0,1)		0	 	0	 	0	 	0
gamma	 	(0,1,0)		0	 	0	 	0	 	0
e-	 	(0,0,1)		0	 	0	 	0	 	0
e-	 	(0,0,-1)		380.165	 	1.26803	 	0	 	0
gamma	 	(0,1,0)		0	 	0	 	0	 	0
gamma	 	(0,1,0)		0	 	0	 	0	 	0
e-	 	(0,0,1)		0	 	0	 	0	 	0
e-	 	(0,0,1)		0	 	0	 	0	 	0
gamma	 	(0,1,0)		0	 	0	 	0	 	0
e-	 	(0,0,1)		0	 	0	 	0	 	0
gamma	 	(0,1,0)		0	 	0	 	0	 	0
e-	 	(0,0,-1)		356.986	 	3.3163	 	0	 	0
e-	 	(0,0,-1)		356.666	 	1.16096	 	0	 	0
gamma	 	(0,1,0)		0	 	0	 	0	 	0
gamma	 	(0,1,0)		0	 	0	 	0	 	0
e-	 	(0,0,1)		0	 	0	 	0	 	0
e-	 	(0,0,1)		0	 	0	 	0	 	0
gamma	 	(0,1,0)		0	 	0	 	0	 	0
e-	 	(0,0,1)		0	 	0	 	0	 	0
gamma	 	(0,1,0)		0	 	0	 	0	 	0
gamma	 	(0,1,0)		0	 	0	 	0	 	0
gamma	 	(0,1,0)		0	 	0	 	0	 	0
gamma	 	(0,1,0)		0	 	0	 	0	 	0
gamma	 	(0,1,0)		0	 	0	 	0	 	0
e-	 	(0,0,1)		0	 	0	 	0	 	0
gamma	 	(0,1,0)		0	 	0	 	0	 	0
gamma	 	(0,1,0)		0	 	0	 	0	 	0
e-	 	(0,0,-1)		358.979	 	1.05535	 	0	 	0
e-	 	(0,0,-1)		359.613	 	0.796779	 	0	 	0
gamma	 	(0,1,0)		0	 	0	 	0	 	0
e-	 	(0,0,-1)		358.789	 	1.26088	 	0	 	0
e-	 	(0,0,1)		0	 	0	 	0	 	0
e-	 	(0,0,1)		0	 	0	 	0	 	0
e-	 	(0,0,-1)		359.464	 	1.24448	 	0	 	0
e-	 	(0,0,1)		0	 	0	 	0	 	0
gamma	 	(0,1,0)		0	 	0	 	0	 	0
gamma	 	(0,1,0)		0	 	0	 	0	 	0
gamma	 	(0,1,0)		0	 	0	 	0	 	0
gamma	 	(0,1,0)		0	 	0	 	0	 	0
gamma	 	(0,1,0)		0	 	0	 	0	 	0
gamma	 	(0,1,0)		0	 	0	 	0	 	0
gamma	 	(0,1,0)		0	 	0	 	0	 	0
gamma	 	(0,1,0)		0	 	0	 	0	 	0
e-	 	(0,0,-1)		381.334	 	1.50122	 	0	 	0
e-	 	(0,0,-1)		357.275	 	1.56328	 	0	 	0
gamma	 	(0,1,0)		0	 	0	 	0	 	0
e-	 	(0,0,-1)		382.737	 	1.1576	 	0	 	0
gamma	 	(0,1,0)		0	 	0	 	0	 	0
gamma	 	(0,1,0)		0	 	0	 	0	 	0
e-	 	(0,0,-1)		354.469	 	1.20723	 	0	 	0
e-	 	(0,0,-1)		355.549	 	2.48488	 	0	 	0
gamma	 	(0,1,0)		0	 	0	 	0	 	0
gamma	 	(0,1,0)		0	 	0	 	0	 	0
gamma	 	(0,1,0)		0	 	0	 	0	 	0
e-	 	(0,0,-1)		359.174	 	0.882709	 	0	 	0
e-	 	(0,0,1)		0	 	0	 	0	 	0
gamma	 	(0,1,0)		0	 	0	 	0	 	0
e-	 	(0,0,-1)		381.505	 	1.74105	 	0	 	0
gamma	 	(0,1,0)		0	 	0	 	0	 	0
gamma	 	(0,1,0)		0	 	0	 	0	 	0
gamma	 	(0,1,0)		0	 	0	 	0	 	0
gamma	 	(0,1,0)		0	 	0	 	0	 	0
e-	 	(0,0,-1)		357.861	 	2.28482	 	0	 	0
gamma	 	(0,1,0)		0	 	0	 	0	 	0
gamma	 	(0,1,0)		0	 	0	 	0	 	0
gamma	 	(0,1,0)		0	 	0	 	0	 	0
gamma	 	(0,1,0)		0	 	0	 	0	 	0
gamma	 	(0,1,0)		0	 	0	 	0	 	0
gamma	 	(0,1,0)		0	 	0	 	0	 	0
gamma	 	(0,1,0)		0	 	0	 	0	 	0
gamma	 	(0,1,0)		0	 	0	 	0	 	0
gamma	 	(0,1,0)		0	 	0	 	0	 	0
gamma	 	(0,1,0)		0	 	0	 	0	 	0
gamma	 	(0,1,0)		0	 	0	 	0	 	0
gamma	 	(0,1,0)		0	 	0	 	0	 	0
e-	 	(0,0,-1)		357.71	 	1.47951	 	0	 	0
e-	 	(0,0,1)		0	 	0	 	0	 	0
gamma	 	(0,1,0)		0	 	0	 	0	 	0
gamma	 	(0,1,0)		0	 	0	 	0	 	0
gamma	 	(0,1,0)		0	 	0	 	0	 	0
e-	 	(0,0,-1)		337.747	 	1.19853	 	0	 	0
e-	 	(0,0,1)		0	 	0	 	0	 	0
gamma	 	(0,1,0)		0	 	0	 	0	 	0
e-	 	(0,0,-1)		355.681	 	1.91669	 	0	 	0
e-	 	(0,0,-1)		356.235	 	1.28122	 	0	 	0
e-	 	(0,0,1)		0	 	0	 	0	 	0
e-	 	(0,0,1)		0	 	0	 	0	 	0
gamma	 	(0,1,0)		0	 	0	 	0	 	0
e-	 	(0,0,-1)		356.441	 	2.63949	 	0	 	0
gamma	 	(0,1,0)		0	 	0	 	0	 	0
gamma	 	(0,1,0)		0	 	0	 	0	 	0
gamma	 	(0,1,0)		0	 	0	 	0	 	0
e-	 	(0,0,1)		0	 	0	 	0	 	0
gamma	 	(0,1,0)		0	 	0	 	0	 	0
gamma	 	(0,1,0)		0	 	0	 	0	 	0
gamma	 	(0,1,0)		0	 	0	 	0	 	0
gamma	 	(0,1,0)		0	 	0	 	0	 	0
e-	 	(0,0,1)		0	 	0	 	0	 	0
gamma	 	(0,1,0)		0	 	0	 	0	 	0
e-	 	(0,0,1)		0	 	0	 	0	 	0
gamma	 	(0,1,0)		0	 	0	 	0	 	0
gamma	 	(0,1,0)		0	 	0	 	0	 	0
gamma	 	(0,1,0)		0	 	0	 	0	 	0
gamma	 	(0,1,0)		0	 	0	 	0	 	0
e-	 	(0,0,-1)		351.89	 	1.432	 	0	 	0
gamma	 	(0,1,0)		0	 	0	 	0	 	0
gamma	 	(0,1,0)		0	 	0	 	0	 	0
gamma	 	(0,1,0)		0	 	0	 	0	 	0
gamma	 	(0,1,0)		0	 	0	 	0	 	0
gamma	 	(0,1,0)		0	 	0	 	0	 	0
e-	 	(0,0,-1)		369.761	 	6.24575	 	0	 	0
gamma	 	(0,1,0)		0	 	0	 	0	 	0
e-	 	(0,0,-1)		382.815	 	1.63092	 	0	 	0
gamma	 	(0,1,0)		0	 	0	 	0	 	0
gamma	 	(0,1,0)		0	 	0	 	0	 	0
e-	 	(0,0,-1)		358.623	 	1.50999	 	0	 	0
e-	 	(0,0,-1)		382.267	 	1.07367	 	0	 	0
gamma	 	(0,1,0)		0	 	0	 	0	 	0
e-	 	(0,0,1)		0	 	0	 	0	 	0
e-	 	(0,0,-1)		109.93	 	5.87386	 	0	 	0
gamma	 	(0,1,0)		0	 	0	 	0	 	0
gamma	 	(0,1,0)		0	 	0	 	0	 	0
gamma	 	(0,1,0)		0	 	0	 	0	 	0
gamma	 	(0,1,0)		0	 	0	 	0	 	0
gamma	 	(0,1,0)		0	 	0	 	0	 	0
gamma	 	(0,1,0)		0	 	0	 	0	 	0
gamma	 	(0,1,0)		0	 	0	 	0	 	0
gamma	 	(0,1,0)		0	 	0	 	0	 	0
e-	 	(0,0,-1)		357.185	 	1.64645	 	0	 	0
gamma	 	(0,1,0)		0	 	0	 	0	 	0
gamma	 	(0,1,0)		0	 	0	 	0	 	0
gamma	 	(0,1,0)		0	 	0	 	0	 	0
gamma	 	(0,1,0)		0	 	0	 	0	 	0
gamma	 	(0,1,0)		0	 	0	 	0	 	0
gamma	 	(0,1,0)		0	 	0	 	0	 	0
e-	 	(0,0,-1)		359.457	 	0.99868	 	0	 	0
gamma	 	(0,1,0)		0	 	0	 	0	 	0
gamma	 	(0,1,0)		0	 	0	 	0	 	0
gamma	 	(0,1,0)		0	 	0	 	0	 	0
gamma	 	(0,1,0)		0	 	0	 	0	 	0
gamma	 	(0,1,0)		0	 	0	 	0	 	0
gamma	 	(0,1,0)		0	 	0	 	0	 	0
gamma	 	(0,1,0)		0	 	0	 	0	 	0
gamma	 	(0,1,0)		0	 	0	 	0	 	0
gamma	 	(0,1,0)		0	 	0	 	0	 	0
e-	 	(0,0,-1)		357.052	 	0.910252	 	0	 	0
gamma	 	(0,1,0)		0	 	0	 	0	 	0
gamma	 	(0,1,0)		0	 	0	 	0	 	0
gamma	 	(0,1,0)		0	 	0	 	0	 	0
gamma	 	(0,1,0)		0	 	0	 	0	 	0
e-	 	(0,0,-1)		354.927	 	1.096	 	0	 	0
gamma	 	(0,1,0)		0	 	0	 	0	 	0
gamma	 	(0,1,0)		0	 	0	 	0	 	0
e-	 	(0,0,1)		0	 	0	 	0	 	0
e-	 	(0,0,-1)		376.958	 	5.03856	 	0	 	0
gamma	 	(0,1,0)		0	 	0	 	0	 	0
gamma	 	(0,1,0)		0	 	0	 	0	 	0
gamma	 	(0,1,0)		0	 	0	 	0	 	0
e-	 	(0,0,1)		0	 	0	 	0	 	0
gamma	 	(0,1,0)		0	 	0	 	0	 	0
gamma	 	(0,1,0)		0	 	0	 	0	 	0
gamma	 	(0,1,0)		0	 	0	 	0	 	0
gamma	 	(0,1,0)		0	 	0	 	0	 	0
gamma	 	(0,1,0)		0	 	0	 	0	 	0
gamma	 	(0,1,0)		0	 	0	 	0	 	0
gamma	 	(0,1,0)		0	 	0	 	0	 	0
gamma	 	(0,1,0)		0	 	0	 	0	 	0
e-	 	(0,0,1)		0	 	0	 	0	 	0
e-	 	(0,0,1)		0	 	0	 	0	 	0
gamma	 	(0,1,0)		0	 	0	 	0	 	0
gamma	 	(0,1,0)		0	 	0	 	0	 	0
gamma	 	(0,1,0)		0	 	0	 	0	 	0
gamma	 	(0,1,0)		0	 	0	 	0	 	0
gamma	 	(0,1,0)		0	 	0	 	0	 	0
gamma	 	(0,1,0)		0	 	0	 	0	 	0
e-	 	(0,0,-1)		360.15	 	0.705153	 	0	 	0
gamma	 	(0,1,0)		0	 	0	 	0	 	0
gamma	 	(0,1,0)		0	 	0	 	0	 	0
e-	 	(0,0,1)		0	 	0	 	0	 	0
gamma	 	(0,1,0)		0	 	0	 	0	 	0
gamma	 	(0,1,0)		0	 	0	 	0	 	0
e-	 	(0,0,-1)		356.705	 	1.81784	 	0	 	0
gamma	 	(0,1,0)		0	 	0	 	0	 	0
gamma	 	(0,1,0)		0	 	0	 	0	 	0
e-	 	(0,0,-1)		354.797	 	1.09101	 	0	 	0
e-	 	(0,0,-1)		386.127	 	1.40674	 	0	 	0
e-	 	(0,0,1)		0	 	0	 	0	 	0
e-	 	(0,0,1)		0	 	0	 	0	 	0
gamma	 	(0,1,0)		0	 	0	 	0	 	0
gamma	 	(0,1,0)		0	 	0	 	0	 	0
e-	 	(0,0,1)		0	 	0	 	0	 	0
e-	 	(0,0,1)		0	 	0	 	0	 	0
gamma	 	(0,1,0)		0	 	0	 	0	 	0
gamma	 	(0,1,0)		0	 	0	 	0	 	0
gamma	 	(0,1,0)		0	 	0	 	0	 	0
e-	 	(0,0,-1)		353.224	 	5.39149	 	0	 	0
e-	 	(0,0,-1)		349.814	 	0.997531	 	0	 	0
gamma	 	(0,1,0)		0	 	0	 	0	 	0
e-	 	(0,0,1)		0	 	0	 	0	 	0
e-	 	(0,0,-1)		357	 	2.05297	 	0	 	0
e-	 	(0,0,1)		0	 	0	 	0	 	0
e-	 	(0,0,1)		0	 	0	 	0	 	0
gamma	 	(0,1,0)		0	 	0	 	0	 	0
gamma	 	(0,1,0)		0	 	0	 	0	 	0
gamma	 	(0,1,0)		0	 	0	 	0	 	0
gamma	 	(0,1,0)		0	 	0	 	0	 	0
gamma	 	(0,1,0)		0	 	0	 	0	 	0
e-	 	(0,0,-1)		357.785	 	1.75295	 	0	 	0
e-	 	(0,0,-1)		355.762	 	4.35224	 	0	 	0
gamma	 	(0,1,0)		0	 	0	 	0	 	0
gamma	 	(0,1,0)		0	 	0	 	0	 	0
gamma	 	(0,1,0)		0	 	0	 	0	 	0
e-	 	(0,0,-1)		382.05	 	1.31118	 	0	 	0
gamma	 	(0,1,0)		0	 	0	 	0	 	0
e-	 	(0,0,1)		0	 	0	 	0	 	0
gamma	 	(0,1,0)		0	 	0	 	0	 	0
gamma	 	(0,1,0)		0	 	0	 	0	 	0
gamma	 	(0,1,0)		0	 	0	 	0	 	0
gamma	 	(0,1,0)		0	 	0	 	0	 	0
e-	 	(0,0,1)		0	 	0	 	0	 	0
e-	 	(0,0,-1)		356.511	 	2.23509	 	0	 	0
gamma	 	(0,1,0)		0	 	0	 	0	 	0
e-	 	(0,0,1)		0	 	0	 	0	 	0
gamma	 	(0,1,0)		0	 	0	 	0	 	0
e-	 	(0,0,-1)		358.707	 	0.685995	 	0	 	0
gamma	 	(0,1,0)		0	 	0	 	0	 	0
gamma	 	(0,1,0)		0	 	0	 	0	 	0
gamma	 	(0,1,0)		0	 	0	 	0	 	0
e-	 	(0,0,-1)		357.248	 	2.10648	 	0	 	0
gamma	 	(0,1,0)		0	 	0	 	0	 	0
e-	 	(0,0,1)		0	 	0	 	0	 	0
gamma	 	(0,1,0)		0	 	0	 	0	 	0
gamma	 	(0,1,0)		0	 	0	 	0	 	0
gamma	 	(0,1,0)		0	 	0	 	0	 	0
gamma	 	(0,1,0)		0	 	0	 	0	 	0
gamma	 	(0,1,0)		0	 	0	 	0	 	0
gamma	 	(0,1,0)		0	 	0	 	0	 	0
gamma	 	(0,1,0)		0	 	0	 	0	 	0
gamma	 	(0,1,0)		0	 	0	 	0	 	0
gamma	 	(0,1,0)		0	 	0	 	0	 	0
gamma	 	(0,1,0)		0	 	0	 	0	 	0
e-	 	(0,0,-1)		353.281	 	1.72079	 	0	 	0
gamma	 	(0,1,0)		0	 	0	 	0	 	0
gamma	 	(0,1,0)		0	 	0	 	0	 	0
gamma	 	(0,1,0)		0	 	0	 	0	 	0
e-	 	(0,0,-1)		358.086	 	1.39614	 	0	 	0
gamma	 	(0,1,0)		0	 	0	 	0	 	0
gamma	 	(0,1,0)		0	 	0	 	0	 	0
gamma	 	(0,1,0)		0	 	0	 	0	 	0
gamma	 	(0,1,0)		0	 	0	 	0	 	0
gamma	 	(0,1,0)		0	 	0	 	0	 	0
gamma	 	(0,1,0)		0	 	0	 	0	 	0
gamma	 	(0,1,0)		0	 	0	 	0	 	0
gamma	 	(0,1,0)		0	 	0	 	0	 	0
e-	 	(0,0,1)		0	 	0	 	0	 	0
e-	 	(0,0,1)		0	 	0	 	0	 	0
gamma	 	(0,1,0)		0	 	0	 	0	 	0
gamma	 	(0,1,0)		0	 	0	 	0	 	0
gamma	 	(0,1,0)		0	 	0	 	0	 	0
gamma	 	(0,1,0)		0	 	0	 	0	 	0
gamma	 	(0,1,0)		0	 	0	 	0	 	0
e-	 	(0,0,1)		0	 	0	 	0	 	0
gamma	 	(0,1,0)		0	 	0	 	0	 	0
gamma	 	(0,1,0)		0	 	0	 	0	 	0
gamma	 	(0,1,0)		0	 	0	 	0	 	0
e-	 	(0,0,-1)		355.11	 	3.89996	 	0	 	0
gamma	 	(0,1,0)		0	 	0	 	0	 	0
gamma	 	(0,1,0)		0	 	0	 	0	 	0
gamma	 	(0,1,0)		0	 	0	 	0	 	0
e-	 	(0,0,-1)		353.804	 	2.12664	 	0	 	0
e-	 	(0,0,1)		0	 	0	 	0	 	0
gamma	 	(0,1,0)		0	 	0	 	0	 	0
gamma	 	(0,1,0)		0	 	0	 	0	 	0
e-	 	(0,0,1)		0	 	0	 	0	 	0
e-	 	(0,0,-1)		381.945	 	1.48938	 	0	 	0
gamma	 	(0,1,0)		0	 	0	 	0	 	0
e-	 	(0,0,-1)		357.217	 	1.01871	 	0	 	0
e-	 	(0,0,-1)		383.031	 	1.6446	 	0	 	0
gamma	 	(0,1,0)		0	 	0	 	0	 	0
e-	 	(0,0,-1)		386.187	 	1.0361	 	0	 	0
gamma	 	(0,1,0)		0	 	0	 	0	 	0
e-	 	(0,0,-1)		354.287	 	1.32464	 	0	 	0
gamma	 	(0,1,0)		0	 	0	 	0	 	0
gamma	 	(0,1,0)		0	 	0	 	0	 	0
e-	 	(0,0,-1)		382.131	 	1.23908	 	0	 	0
e-	 	(0,0,-1)		358.5	 	1.73297	 	0	 	0
gamma	 	(0,1,0)		0	 	0	 	0	 	0
gamma	 	(0,1,0)		0	 	0	 	0	 	0
e-	 	(0,0,-1)		356.046	 	0.973488	 	0	 	0
gamma	 	(0,1,0)		0	 	0	 	0	 	0
gamma	 	(0,1,0)		0	 	0	 	0	 	0
e-	 	(0,0,-1)		382.119	 	1.12131	 	0	 	0
gamma	 	(0,1,0)		0	 	0	 	0	 	0
e-	 	(0,0,-1)		378.83	 	4.11824	 	0	 	0
gamma	 	(0,1,0)		0	 	0	 	0	 	0
gamma	 	(0,1,0)		0	 	0	 	0	 	0
e-	 	(0,0,-1)		358.501	 	0.951791	 	0	 	0
gamma	 	(0,1,0)		0	 	0	 	0	 	0
gamma	 	(0,1,0)		0	 	0	 	0	 	0
e-	 	(0,0,-1)		358.646	 	1.74558	 	0	 	0
gamma	 	(0,1,0)		0	 	0	 	0	 	0
e-	 	(0,0,-1)		345.102	 	0.695986	 	0	 	0
gamma	 	(0,1,0)		0	 	0	 	0	 	0
e-	 	(0,0,-1)		349.292	 	1.35187	 	0	 	0
gamma	 	(0,1,0)		0	 	0	 	0	 	0
gamma	 	(0,1,0)		0	 	0	 	0	 	0
gamma	 	(0,1,0)		0	 	0	 	0	 	0
gamma	 	(0,1,0)		0	 	0	 	0	 	0
gamma	 	(0,1,0)		0	 	0	 	0	 	0
e-	 	(0,0,1)		0	 	0	 	0	 	0
gamma	 	(0,1,0)		0	 	0	 	0	 	0
gamma	 	(0,1,0)		0	 	0	 	0	 	0
gamma	 	(0,1,0)		0	 	0	 	0	 	0
gamma	 	(0,1,0)		0	 	0	 	0	 	0
gamma	 	(0,1,0)		0	 	0	 	0	 	0
gamma	 	(0,1,0)		0	 	0	 	0	 	0
gamma	 	(0,1,0)		0	 	0	 	0	 	0
gamma	 	(0,1,0)		0	 	0	 	0	 	0
e-	 	(0,0,-1)		358.591	 	1.86306	 	0	 	0
gamma	 	(0,1,0)		0	 	0	 	0	 	0
e-	 	(0,0,1)		0	 	0	 	0	 	0
e-	 	(0,0,-1)		385.928	 	1.34778	 	0	 	0
gamma	 	(0,1,0)		0	 	0	 	0	 	0
gamma	 	(0,1,0)		0	 	0	 	0	 	0
e-	 	(0,0,-1)		349.374	 	0.798726	 	0	 	0
gamma	 	(0,1,0)		0	 	0	 	0	 	0
e-	 	(0,0,1)		0	 	0	 	0	 	0
gamma	 	(0,1,0)		0	 	0	 	0	 	0
gamma	 	(0,1,0)		0	 	0	 	0	 	0
e-	 	(0,0,1)		0	 	0	 	0	 	0
gamma	 	(0,1,0)		0	 	0	 	0	 	0
e-	 	(0,0,1)		0	 	0	 	0	 	0
gamma	 	(0,1,0)		0	 	0	 	0	 	0
gamma	 	(0,1,0)		0	 	0	 	0	 	0
e-	 	(0,0,1)		0	 	0	 	0	 	0
e-	 	(0,0,-1)		357.337	 	1.96538	 	0	 	0
gamma	 	(0,1,0)		0	 	0	 	0	 	0
gamma	 	(0,1,0)		0	 	0	 	0	 	0
gamma	 	(0,1,0)		0	 	0	 	0	 	0
gamma	 	(0,1,0)		0	 	0	 	0	 	0
e-	 	(0,0,-1)		357.331	 	1.32163	 	0	 	0
gamma	 	(0,1,0)		0	 	0	 	0	 	0
gamma	 	(0,1,0)		0	 	0	 	0	 	0
gamma	 	(0,1,0)		0	 	0	 	0	 	0
e-	 	(0,0,1)		0	 	0	 	0	 	0
gamma	 	(0,1,0)		0	 	0	 	0	 	0
e-	 	(0,0,1)		0	 	0	 	0	 	0
gamma	 	(0,1,0)		0	 	0	 	0	 	0
e-	 	(0,0,-1)		331.891	 	27.1095	 	0	 	0
gamma	 	(0,1,0)		0	 	0	 	0	 	0
gamma	 	(0,1,0)		0	 	0	 	0	 	0
e-	 	(0,0,1)		Particle species 	 Momentum Direction 	 Energy Deposited (keV): East Scint 	 East MWPC 	 West Scint 	 West MWPC 
gamma	 	(0,0,1)		0	 	0	 	0	 	0
e-	 	(0,0,1)		0	 	0	 	0	 	0
gamma	 	(0,0,1)		0	 	0	 	0	 	0
gamma	 	(0,0,1)		0	 	0	 	0	 	0
e-	 	(0,0,1)		0	 	0	 	0	 	0
gamma	 	(0,0,1)		0	 	0	 	0	 	0
e-	 	(0,0,1)		0	 	0	 	0	 	0
e-	 	(0,0,1)		0	 	0	 	0	 	0
gamma	 	(0,0,1)		0	 	0	 	0	 	0
gamma	 	(0,0,1)		0	 	0	 	0	 	0
e-	 	(0,0,1)		0	 	0	 	0	 	0
e-	 	(0,0,1)		0	 	0	 	0	 	0
e-	 	(0,0,1)		0	 	0	 	0	 	0
gamma	 	(0,0,1)		0	 	0	 	0	 	0
gamma	 	(0,0,1)		0	 	0	 	0	 	0
gamma	 	(0,0,1)		0	 	0	 	0	 	0
gamma	 	(0,0,1)		0	 	0	 	0	 	0
gamma	 	(0,0,1)		0	 	0	 	0	 	0
e-	 	(0,0,1)		0	 	0	 	0	 	0
gamma	 	(0,0,1)		0	 	0	 	0	 	0
e-	 	(0,0,1)		0	 	0	 	0	 	0
e-	 	(0,0,1)		0	 	0	 	0	 	0
gamma	 	(0,0,1)		0	 	0	 	0	 	0
gamma	 	(0,0,1)		0	 	0	 	0	 	0
gamma	 	(0,0,1)		0	 	0	 	0	 	0
e-	 	(0,0,1)		0	 	0	 	0	 	0
e-	 	(0,0,1)		0	 	0	 	0	 	0
e-	 	(0,0,1)		0	 	0	 	0	 	0
e-	 	(0,0,1)		0	 	0	 	0	 	0
gamma	 	(0,0,1)		0	 	0	 	0	 	0
gamma	 	(0,0,1)		0	 	0	 	0	 	0
gamma	 	(0,0,1)		0	 	0	 	3.28511	 	0
gamma	 	(0,0,1)		0	 	0	 	0	 	0
gamma	 	(0,0,1)		0	 	0	 	0	 	0
gamma	 	(0,0,1)		0	 	0	 	0	 	0
e-	 	(0,0,1)		0	 	0	 	0	 	0
gamma	 	(0,0,1)		0	 	0	 	0	 	0
e-	 	(0,0,1)		0	 	0	 	0	 	0
e-	 	(0,0,1)		0	 	0	 	0	 	0
gamma	 	(0,0,1)		0	 	0	 	0	 	0
gamma	 	(0,0,1)		0	 	0	 	0	 	0
gamma	 	(0,0,1)		0	 	0	 	0	 	0
gamma	 	(0,0,1)		0	 	0	 	0	 	0
e-	 	(0,0,1)		0	 	0	 	0	 	0
gamma	 	(0,0,1)		0	 	0	 	0	 	0
gamma	 	(0,0,1)		0	 	0	 	0	 	0
gamma	 	(0,0,1)		0	 	0	 	0	 	0
gamma	 	(0,0,1)		0	 	0	 	0	 	0
e-	 	(0,0,1)		0	 	0	 	0	 	0
e-	 	(0,0,1)		0	 	0	 	0	 	0
gamma	 	(0,0,1)		0	 	0	 	0	 	0
gamma	 	(0,0,1)		0	 	0	 	0	 	0
e-	 	(0,0,1)		0	 	0	 	0	 	0
gamma	 	(0,0,1)		0	 	0	 	0	 	0
gamma	 	(0,0,1)		0	 	0	 	0	 	0
e-	 	(0,0,1)		0	 	0	 	0	 	0
e-	 	(0,0,1)		0	 	0	 	0	 	0
e-	 	(0,0,1)		0	 	0	 	0	 	0
e-	 	(0,0,1)		0	 	0	 	0	 	0
gamma	 	(0,0,1)		0	 	0	 	0	 	0
gamma	 	(0,0,1)		0	 	0	 	0	 	0
gamma	 	(0,0,1)		0	 	0	 	0	 	0
gamma	 	(0,0,1)		0	 	0	 	0	 	0
gamma	 	(0,0,1)		0	 	0	 	0	 	0
gamma	 	(0,0,1)		0	 	0	 	0	 	0
e-	 	(0,0,1)		0	 	0	 	0	 	0
e-	 	(0,0,1)		0	 	0	 	0	 	0
e-	 	(0,0,1)		0	 	0	 	0	 	0
e-	 	(0,0,1)		0	 	0	 	0	 	0
gamma	 	(0,0,1)		0	 	0	 	0	 	0
gamma	 	(0,0,1)		0	 	0	 	0	 	0
e-	 	(0,0,1)		0	 	0	 	0	 	0
gamma	 	(0,0,1)		0	 	0	 	0	 	0
e-	 	(0,0,1)		0	 	0	 	0	 	0
gamma	 	(0,0,1)		0	 	0	 	0	 	0
gamma	 	(0,0,1)		0	 	0	 	0	 	0
gamma	 	(0,0,1)		0	 	0	 	0	 	0
gamma	 	(0,0,1)		0	 	0	 	35.5431	 	0
gamma	 	(0,0,1)		0	 	0	 	0	 	0
e-	 	(0,0,1)		0	 	0	 	0	 	0
gamma	 	(0,0,1)		0	 	0	 	0	 	0
e-	 	(0,0,1)		0	 	0	 	0	 	0
gamma	 	(0,0,1)		0	 	0	 	35.9694	 	0
gamma	 	(0,0,1)		0	 	0	 	0	 	0
e-	 	(0,0,1)		0	 	0	 	0	 	0
gamma	 	(0,0,1)		0	 	0	 	0	 	0
gamma	 	(0,0,1)		0	 	0	 	0	 	0
e-	 	(0,0,1)		0	 	0	 	0	 	0
e-	 	(0,0,1)		0	 	0	 	0	 	0
gamma	 	(0,0,1)		0	 	0	 	0	 	0
gamma	 	(0,0,1)		0	 	0	 	0	 	0
gamma	 	(0,0,1)		0	 	0	 	0	 	0
gamma	 	(0,0,1)		0	 	0	 	0	 	0
e-	 	(0,0,1)		0	 	0	 	0	 	0
gamma	 	(0,0,1)		0	 	0	 	0	 	0
e-	 	(0,0,1)		0	 	0	 	0	 	0
gamma	 	(0,0,1)		0	 	0	 	0	 	0
gamma	 	(0,0,1)		0	 	0	 	0	 	0
e-	 	(0,0,1)		0	 	0	 	0	 	0
gamma	 	(0,0,1)		0	 	0	 	190.093	 	0
e-	 	(0,0,1)		0	 	0	 	0	 	0
gamma	 	(0,0,1)		0	 	0	 	0	 	0
e-	 	(0,0,1)		0	 	0	 	0	 	0
e-	 	(0,0,1)		0	 	0	 	0	 	0
e-	 	(0,0,1)		0	 	0	 	0	 	0
gamma	 	(0,0,1)		0	 	0	 	0	 	0
e-	 	(0,0,1)		0	 	0	 	0	 	0
e-	 	(0,0,1)		0	 	0	 	0	 	0
gamma	 	(0,0,1)		0	 	0	 	0	 	0
gamma	 	(0,0,1)		0	 	0	 	0	 	0
e-	 	(0,0,1)		0	 	0	 	0	 	0
gamma	 	(0,0,1)		0	 	0	 	0	 	0
gamma	 	(0,0,1)		0	 	0	 	0	 	0
gamma	 	(0,0,1)		0	 	0	 	0	 	0
e-	 	(0,0,1)		0	 	0	 	0	 	0
e-	 	(0,0,1)		0	 	0	 	0	 	0
gamma	 	(0,0,1)		0	 	0	 	0	 	0
e-	 	(0,0,1)		0	 	0	 	0	 	0
gamma	 	(0,0,1)		0	 	0	 	0	 	0
gamma	 	(0,0,1)		0	 	0	 	0	 	0
e-	 	(0,0,1)		0	 	0	 	0	 	0
e-	 	(0,0,1)		0	 	0	 	0	 	0
gamma	 	(0,0,1)		0	 	0	 	0	 	0
gamma	 	(0,0,1)		0	 	0	 	0	 	0
gamma	 	(0,0,1)		0	 	0	 	0	 	0
gamma	 	(0,0,1)		0	 	0	 	0	 	0
gamma	 	(0,0,1)		0	 	0	 	0	 	0
e-	 	(0,0,1)		0	 	0	 	0	 	0
gamma	 	(0,0,1)		0	 	0	 	0	 	0
gamma	 	(0,0,1)		0	 	0	 	0	 	0
gamma	 	(0,0,1)		0	 	0	 	0	 	0
gamma	 	(0,0,1)		0	 	0	 	0	 	0
gamma	 	(0,0,1)		0	 	0	 	0	 	0
gamma	 	(0,0,1)		0	 	0	 	0	 	0
e-	 	(0,0,1)		0	 	0	 	0	 	0
e-	 	(0,0,1)		0	 	0	 	0	 	0
gamma	 	(0,0,1)		0	 	0	 	0	 	0
e-	 	(0,0,1)		0	 	0	 	0	 	0
e-	 	(0,0,1)		0	 	0	 	0	 	0
gamma	 	(0,0,1)		0	 	0	 	0	 	0
e-	 	(0,0,1)		0	 	0	 	0	 	0
e-	 	(0,0,1)		0	 	0	 	0	 	0
e-	 	(0,0,1)		0	 	0	 	0	 	0
e-	 	(0,0,1)		0	 	0	 	0	 	0
e-	 	(0,0,1)		0	 	0	 	0	 	0
e-	 	(0,0,1)		0	 	0	 	0	 	0
e-	 	(0,0,1)		0	 	0	 	0	 	0
gamma	 	(0,0,1)		0	 	0	 	0	 	0
e-	 	(0,0,1)		0	 	0	 	0	 	0
gamma	 	(0,0,1)		0	 	0	 	0	 	0
gamma	 	(0,0,1)		0	 	0	 	233.229	 	0
e-	 	(0,0,1)		0	 	0	 	0	 	0
gamma	 	(0,0,1)		0	 	0	 	0	 	0
gamma	 	(0,0,1)		0	 	0	 	0	 	0
gamma	 	(0,0,1)		0	 	0	 	0	 	0
e-	 	(0,0,1)		0	 	0	 	0	 	0
gamma	 	(0,0,1)		0	 	0	 	0	 	0
gamma	 	(0,0,1)		0	 	0	 	0	 	0
e-	 	(0,0,1)		0	 	0	 	0	 	0
gamma	 	(0,0,1)		0	 	0	 	0	 	0
gamma	 	(0,0,1)		0	 	0	 	0	 	0
e-	 	(0,0,1)		0	 	0	 	0	 	0
e-	 	(0,0,1)		0	 	0	 	0	 	0
gamma	 	(0,0,1)		0	 	0	 	0	 	0
gamma	 	(0,0,1)		0	 	0	 	0	 	0
gamma	 	(0,0,1)		0	 	0	 	0	 	0
gamma	 	(0,0,1)		0	 	0	 	0	 	0
gamma	 	(0,0,1)		0	 	0	 	0	 	0
gamma	 	(0,0,1)		0	 	0	 	0	 	0
gamma	 	(0,0,1)		0	 	0	 	0	 	0
gamma	 	(0,0,1)		0	 	0	 	0	 	0
gamma	 	(0,0,1)		0	 	0	 	0	 	0
e-	 	(0,0,1)		0	 	0	 	0	 	0
gamma	 	(0,0,1)		0	 	0	 	0	 	0
gamma	 	(0,0,1)		0	 	0	 	0	 	0
gamma	 	(0,0,1)		0	 	0	 	0	 	0
e-	 	(0,0,1)		0	 	0	 	0	 	0
gamma	 	(0,0,1)		0	 	0	 	0	 	0
gamma	 	(0,0,1)		0	 	0	 	0	 	0
gamma	 	(0,0,1)		0	 	0	 	0	 	0
gamma	 	(0,0,1)		0	 	0	 	0	 	0
e-	 	(0,0,1)		0	 	0	 	0	 	0
gamma	 	(0,0,1)		0	 	0	 	0	 	0
e-	 	(0,0,1)		0	 	0	 	0	 	0
gamma	 	(0,0,1)		0	 	0	 	0	 	0
gamma	 	(0,0,1)		0	 	0	 	0	 	0
e-	 	(0,0,1)		0	 	0	 	0	 	0
gamma	 	(0,0,1)		0	 	0	 	0	 	0
e-	 	(0,0,1)		0	 	0	 	2.72216	 	0
gamma	 	(0,0,1)		0	 	0	 	0	 	0
gamma	 	(0,0,1)		0	 	0	 	0	 	0
gamma	 	(0,0,1)		0	 	0	 	0	 	0
gamma	 	(0,0,1)		0	 	0	 	0	 	0
e-	 	(0,0,1)		0	 	0	 	0	 	0
gamma	 	(0,0,1)		0	 	0	 	0	 	0
gamma	 	(0,0,1)		0	 	0	 	0	 	0
gamma	 	(0,0,1)		0	 	0	 	0	 	0
e-	 	(0,0,1)		0	 	0	 	0	 	0
e-	 	(0,0,1)		0	 	0	 	0	 	0
e-	 	(0,0,1)		0	 	0	 	0	 	0
gamma	 	(0,0,1)		0	 	0	 	0	 	0
e-	 	(0,0,1)		0	 	0	 	0	 	0
gamma	 	(0,0,1)		0	 	0	 	0	 	0
gamma	 	(0,0,1)		0	 	0	 	0	 	0
e-	 	(0,0,1)		0	 	0	 	0	 	0
gamma	 	(0,0,1)		0	 	0	 	0	 	0
gamma	 	(0,0,1)		0	 	0	 	0	 	0
gamma	 	(0,0,1)		0	 	0	 	0	 	0
gamma	 	(0,0,1)		0	 	0	 	0	 	0
gamma	 	(0,0,1)		0	 	0	 	0	 	0
gamma	 	(0,0,1)		0	 	0	 	0	 	0
e-	 	(0,0,1)		0	 	0	 	0	 	0
gamma	 	(0,0,1)		0	 	0	 	0	 	0
gamma	 	(0,0,1)		0	 	0	 	0	 	0
e-	 	(0,0,1)		0	 	0	 	0	 	0
gamma	 	(0,0,1)		0	 	0	 	0	 	0
e-	 	(0,0,1)		0	 	0	 	0	 	0
gamma	 	(0,0,1)		0	 	0	 	0	 	0
gamma	 	(0,0,1)		0	 	0	 	0	 	0
e-	 	(0,0,1)		0	 	0	 	0	 	0
e-	 	(0,0,1)		0	 	0	 	0	 	0
gamma	 	(0,0,1)		0	 	0	 	0	 	0
e-	 	(0,0,1)		0	 	0	 	0	 	0
gamma	 	(0,0,1)		0	 	0	 	0	 	0
gamma	 	(0,0,1)		0	 	0	 	0	 	0
gamma	 	(0,0,1)		0	 	0	 	0	 	0
gamma	 	(0,0,1)		0	 	0	 	0	 	0
gamma	 	(0,0,1)		0	 	0	 	0	 	0
gamma	 	(0,0,1)		0	 	0	 	0	 	0
gamma	 	(0,0,1)		0	 	0	 	37.2583	 	0
gamma	 	(0,0,1)		0	 	0	 	0	 	0
gamma	 	(0,0,1)		0	 	0	 	0	 	0
gamma	 	(0,0,1)		0	 	0	 	0	 	0
gamma	 	(0,0,1)		0	 	0	 	0	 	0
gamma	 	(0,0,1)		0	 	0	 	0	 	0
e-	 	(0,0,1)		0	 	0	 	0	 	0
gamma	 	(0,0,1)		0	 	0	 	0	 	0
e-	 	(0,0,1)		0	 	0	 	0	 	0
gamma	 	(0,0,1)		0	 	0	 	0	 	0
e-	 	(0,0,1)		0	 	0	 	0	 	0
gamma	 	(0,0,1)		0	 	0	 	0	 	0
e-	 	(0,0,1)		0	 	0	 	0	 	0
gamma	 	(0,0,1)		0	 	0	 	0	 	0
gamma	 	(0,0,1)		0	 	0	 	0	 	0
gamma	 	(0,0,1)		0	 	0	 	0	 	0
gamma	 	(0,0,1)		0	 	0	 	0	 	0
e-	 	(0,0,1)		0	 	0	 	0	 	0
gamma	 	(0,0,1)		0	 	0	 	0	 	0
gamma	 	(0,0,1)		0	 	0	 	0	 	0
e-	 	(0,0,1)		0	 	0	 	0	 	0
e-	 	(0,0,1)		0	 	0	 	0	 	0
gamma	 	(0,0,1)		0	 	0	 	0	 	0
gamma	 	(0,0,1)		0	 	0	 	0	 	0
gamma	 	(0,0,1)		0	 	0	 	0	 	0
gamma	 	(0,0,1)		0	 	0	 	0	 	0
gamma	 	(0,0,1)		0	 	0	 	0	 	0
e-	 	(0,0,1)		0	 	0	 	0	 	0
gamma	 	(0,0,1)		0	 	0	 	0	 	0
gamma	 	(0,0,1)		0	 	0	 	0	 	0
gamma	 	(0,0,1)		0	 	0	 	0	 	0
gamma	 	(0,0,1)		0	 	0	 	0	 	0
e-	 	(0,0,1)		0	 	0	 	0	 	0
gamma	 	(0,0,1)		0	 	0	 	0	 	0
gamma	 	(0,0,1)		0	 	0	 	41.9851	 	0
gamma	 	(0,0,1)		0	 	0	 	0	 	0
e-	 	(0,0,1)		0	 	0	 	0	 	0
gamma	 	(0,0,1)		0	 	0	 	0	 	0
gamma	 	(0,0,1)		0	 	0	 	0	 	0
e-	 	(0,0,1)		0	 	0	 	0	 	0
e-	 	(0,0,1)		0	 	0	 	0	 	0
gamma	 	(0,0,1)		0	 	0	 	0	 	0
e-	 	(0,0,1)		0	 	0	 	0	 	0
gamma	 	(0,0,1)		0	 	0	 	0	 	0
e-	 	(0,0,1)		0	 	0	 	0	 	0
gamma	 	(0,0,1)		0	 	0	 	0	 	0
e-	 	(0,0,1)		0	 	0	 	0	 	0
e-	 	(0,0,1)		0	 	0	 	0	 	0
e-	 	(0,0,1)		0	 	0	 	0	 	0
e-	 	(0,0,1)		0	 	0	 	0	 	0
gamma	 	(0,0,1)		0	 	0	 	0	 	0
e-	 	(0,0,1)		0	 	0	 	0	 	0
gamma	 	(0,0,1)		0	 	0	 	0	 	0
gamma	 	(0,0,1)		0	 	0	 	0	 	0
e-	 	(0,0,1)		0	 	0	 	0	 	0
gamma	 	(0,0,1)		0	 	0	 	0	 	0
gamma	 	(0,0,1)		0	 	0	 	0	 	0
e-	 	(0,0,1)		0	 	0	 	0	 	0
gamma	 	(0,0,1)		0	 	0	 	24.0734	 	0
e-	 	(0,0,1)		0	 	0	 	0	 	0
gamma	 	(0,0,1)		0	 	0	 	0	 	0
gamma	 	(0,0,1)		0	 	0	 	0	 	0
gamma	 	(0,0,1)		0	 	0	 	0	 	0
gamma	 	(0,0,1)		0	 	0	 	0	 	0
e-	 	(0,0,1)		0	 	0	 	0	 	0
gamma	 	(0,0,1)		0	 	0	 	0	 	0
gamma	 	(0,0,1)		0	 	0	 	0	 	0
gamma	 	(0,0,1)		0	 	0	 	0	 	0
e-	 	(0,0,1)		0	 	0	 	0	 	0
gamma	 	(0,0,1)		0	 	0	 	0	 	0
gamma	 	(0,0,1)		0	 	0	 	17.8237	 	0
e-	 	(0,0,1)		0	 	0	 	0	 	0
gamma	 	(0,0,1)		0	 	0	 	0	 	0
gamma	 	(0,0,1)		0	 	0	 	0	 	0
gamma	 	(0,0,1)		0	 	0	 	0	 	0
gamma	 	(0,0,1)		0	 	0	 	0	 	0
gamma	 	(0,0,1)		0	 	0	 	0	 	0
gamma	 	(0,0,1)		0	 	0	 	81.5351	 	0
e-	 	(0,0,1)		0	 	0	 	0	 	0
gamma	 	(0,0,1)		0	 	0	 	0	 	0
e-	 	(0,0,1)		0	 	0	 	0	 	0
gamma	 	(0,0,1)		0	 	0	 	0	 	0
e-	 	(0,0,1)		0	 	0	 	0	 	0
gamma	 	(0,0,1)		0	 	0	 	0	 	0
gamma	 	(0,0,1)		0	 	0	 	0	 	0
e-	 	(0,0,1)		0	 	0	 	0	 	0
e-	 	(0,0,1)		0	 	0	 	0	 	0
gamma	 	(0,0,1)		0	 	0	 	0	 	0
gamma	 	(0,0,1)		0	 	0	 	0	 	0
e-	 	(0,0,1)		0	 	0	 	0	 	0
e-	 	(0,0,1)		0	 	0	 	0	 	0
e-	 	(0,0,1)		0	 	0	 	0	 	0
gamma	 	(0,0,1)		0	 	0	 	0	 	0
e-	 	(0,0,1)		0	 	0	 	0	 	0
gamma	 	(0,0,1)		0	 	0	 	0	 	0
e-	 	(0,0,1)		0	 	0	 	0	 	0
gamma	 	(0,0,1)		0	 	0	 	0	 	0
e-	 	(0,0,1)		0	 	0	 	0	 	0
gamma	 	(0,0,1)		0	 	0	 	0	 	0
gamma	 	(0,0,1)		0	 	0	 	0	 	0
e-	 	(0,0,1)		0	 	0	 	0	 	0
e-	 	(0,0,1)		0	 	0	 	0	 	0
gamma	 	(0,0,1)		0	 	0	 	0	 	0
gamma	 	(0,0,1)		0	 	0	 	0	 	0
gamma	 	(0,0,1)		0	 	0	 	0	 	0
e-	 	(0,0,1)		0	 	0	 	0	 	0
gamma	 	(0,0,1)		0	 	0	 	0	 	0
e-	 	(0,0,1)		0	 	0	 	0	 	0
e-	 	(0,0,1)		0	 	0	 	0	 	0
gamma	 	(0,0,1)		0	 	0	 	0	 	0
e-	 	(0,0,1)		0	 	0	 	0	 	0
gamma	 	(0,0,1)		0	 	0	 	0	 	0
e-	 	(0,0,1)		0	 	0	 	0	 	0
e-	 	(0,0,1)		0	 	0	 	0	 	0
e-	 	(0,0,1)		0	 	0	 	0	 	0
gamma	 	(0,0,1)		0	 	0	 	0	 	0
gamma	 	(0,0,1)		0	 	0	 	0	 	0
gamma	 	(0,0,1)		0	 	0	 	0	 	0
gamma	 	(0,0,1)		0	 	0	 	0	 	0
gamma	 	(0,0,1)		0	 	0	 	0	 	0
gamma	 	(0,0,1)		0	 	0	 	0	 	0
gamma	 	(0,0,1)		0	 	0	 	0	 	0
e-	 	(0,0,1)		0	 	0	 	0	 	0
gamma	 	(0,0,1)		0	 	0	 	0	 	0
gamma	 	(0,0,1)		0	 	0	 	0	 	0
gamma	 	(0,0,1)		0	 	0	 	0	 	0
gamma	 	(0,0,1)		0	 	0	 	0	 	0
e-	 	(0,0,1)		0	 	0	 	0	 	0
e-	 	(0,0,1)		0	 	0	 	0	 	0
e-	 	(0,0,1)		0	 	0	 	0	 	0
gamma	 	(0,0,1)		0	 	0	 	0	 	0
e-	 	(0,0,1)		0	 	0	 	0	 	0
e-	 	(0,0,1)		0	 	0	 	0	 	0
gamma	 	(0,0,1)		0	 	0	 	0	 	0
e-	 	(0,0,1)		0	 	0	 	0	 	0
e-	 	(0,0,1)		0	 	0	 	0	 	0
gamma	 	(0,0,1)		0	 	0	 	0	 	0
gamma	 	(0,0,1)		0	 	0	 	0	 	0
gamma	 	(0,0,1)		0	 	0	 	0	 	0
e-	 	(0,0,1)		0	 	0	 	0	 	0
gamma	 	(0,0,1)		0	 	0	 	0	 	0
gamma	 	(0,0,1)		0	 	0	 	0	 	0
gamma	 	(0,0,1)		0	 	0	 	0	 	0
e-	 	(0,0,1)		0	 	0	 	0	 	0
gamma	 	(0,0,1)		0	 	0	 	0	 	0
e-	 	(0,0,1)		0	 	0	 	0	 	0
gamma	 	(0,0,1)		0	 	0	 	0	 	0
gamma	 	(0,0,1)		0	 	0	 	0	 	0
gamma	 	(0,0,1)		0	 	0	 	0	 	0
gamma	 	(0,0,1)		0	 	0	 	0	 	0
gamma	 	(0,0,1)		0	 	0	 	10.901	 	0
e-	 	(0,0,1)		0	 	0	 	0	 	0
gamma	 	(0,0,1)		0	 	0	 	136.177	 	0
gamma	 	(0,0,1)		0	 	0	 	0	 	0
gamma	 	(0,0,1)		0	 	0	 	0	 	0
gamma	 	(0,0,1)		0	 	0	 	0	 	0
gamma	 	(0,0,1)		0	 	0	 	0	 	0
gamma	 	(0,0,1)		0	 	0	 	0	 	0
gamma	 	(0,0,1)		0	 	0	 	0	 	0
gamma	 	(0,0,1)		0	 	0	 	0	 	0
gamma	 	(0,0,1)		0	 	0	 	0	 	0
gamma	 	(0,0,1)		0	 	0	 	0	 	0
gamma	 	(0,0,1)		0	 	0	 	0	 	0
gamma	 	(0,0,1)		0	 	0	 	0	 	0
e-	 	(0,0,1)		0	 	0	 	0	 	0
e-	 	(0,0,1)		0	 	0	 	0	 	0
e-	 	(0,0,1)		0	 	0	 	0	 	0
e-	 	(0,0,1)		0	 	0	 	0	 	0
e-	 	(0,0,1)		0	 	0	 	0	 	0
gamma	 	(0,0,1)		0	 	0	 	0	 	0
gamma	 	(0,0,1)		0	 	0	 	0	 	0
e-	 	(0,0,1)		0	 	0	 	0	 	0
gamma	 	(0,0,1)		0	 	0	 	0	 	0
e-	 	(0,0,1)		0	 	0	 	0	 	0
e-	 	(0,0,1)		0	 	0	 	0	 	0
e-	 	(0,0,1)		0	 	0	 	0	 	0
gamma	 	(0,0,1)		0	 	0	 	0	 	0
e-	 	(0,0,1)		0	 	0	 	0	 	0
e-	 	(0,0,1)		0	 	0	 	0	 	0
gamma	 	(0,0,1)		0	 	0	 	0	 	0
gamma	 	(0,0,1)		0	 	0	 	0	 	0
e-	 	(0,0,1)		0	 	0	 	0	 	0
e-	 	(0,0,1)		0	 	0	 	0	 	0
gamma	 	(0,0,1)		0	 	0	 	0	 	0
gamma	 	(0,0,1)		0	 	0	 	235.743	 	0
gamma	 	(0,0,1)		0	 	0	 	0	 	0
gamma	 	(0,0,1)		0	 	0	 	0	 	0
gamma	 	(0,0,1)		0	 	0	 	0	 	0
e-	 	(0,0,1)		0	 	0	 	0	 	0
gamma	 	(0,0,1)		0	 	0	 	0	 	0
e-	 	(0,0,1)		0	 	0	 	0	 	0
gamma	 	(0,0,1)		0	 	0	 	0	 	0
e-	 	(0,0,1)		0	 	0	 	0	 	0
e-	 	(0,0,1)		0	 	0	 	0	 	0
gamma	 	(0,0,1)		0	 	0	 	0	 	0
gamma	 	(0,0,1)		0	 	0	 	0	 	0
gamma	 	(0,0,1)		0	 	0	 	0	 	0
e-	 	(0,0,1)		0	 	0	 	0	 	0
gamma	 	(0,0,1)		0	 	0	 	0	 	0
gamma	 	(0,0,1)		0	 	0	 	0	 	0
gamma	 	(0,0,1)		0	 	0	 	0	 	0
e-	 	(0,0,1)		0	 	0	 	0	 	0
gamma	 	(0,0,1)		0	 	0	 	0	 	0
gamma	 	(0,0,1)		0	 	0	 	0	 	0
gamma	 	(0,0,1)		0	 	0	 	0	 	0
gamma	 	(0,0,1)		0	 	0	 	0	 	0
gamma	 	(0,0,1)		0	 	0	 	0	 	0
gamma	 	(0,0,1)		0	 	0	 	0	 	0
e-	 	(0,0,1)		0	 	0	 	0	 	0
e-	 	(0,0,1)		0	 	0	 	0	 	0
gamma	 	(0,0,1)		0	 	0	 	0	 	0
e-	 	(0,0,1)		0	 	0	 	0	 	0
e-	 	(0,0,1)		0	 	0	 	0	 	0
gamma	 	(0,0,1)		0	 	0	 	0	 	0
gamma	 	(0,0,1)		0	 	0	 	0	 	0
e-	 	(0,0,1)		0	 	0	 	0	 	0
gamma	 	(0,0,1)		0	 	0	 	0	 	0
gamma	 	(0,0,1)		0	 	0	 	71.584	 	0
gamma	 	(0,0,1)		0	 	0	 	0	 	0
gamma	 	(0,0,1)		0	 	0	 	0	 	0
e-	 	(0,0,1)		0	 	0	 	0	 	0
gamma	 	(0,0,1)		0	 	0	 	0	 	0
gamma	 	(0,0,1)		0	 	0	 	0	 	0
gamma	 	(0,0,1)		0	 	0	 	0	 	0
e-	 	(0,0,1)		0	 	0	 	0	 	0
gamma	 	(0,0,1)		0	 	0	 	2.74952	 	0
gamma	 	(0,0,1)		0	 	0	 	0	 	0
gamma	 	(0,0,1)		0	 	0	 	0	 	0
gamma	 	(0,0,1)		0	 	0	 	0	 	0
gamma	 	(0,0,1)		0	 	0	 	0	 	0
gamma	 	(0,0,1)		0	 	0	 	0	 	0
gamma	 	(0,0,1)		0	 	0	 	0	 	0
gamma	 	(0,0,1)		0	 	0	 	0	 	0
e-	 	(0,0,1)		0	 	0	 	0	 	0
gamma	 	(0,0,1)		0	 	0	 	0	 	0
gamma	 	(0,0,1)		0	 	0	 	0	 	0
e-	 	(0,0,1)		0	 	0	 	0	 	0
gamma	 	(0,0,1)		0	 	0	 	0	 	0
gamma	 	(0,0,1)		0	 	0	 	0	 	0
gamma	 	(0,0,1)		0	 	0	 	0	 	0
gamma	 	(0,0,1)		0	 	0	 	0	 	0
gamma	 	(0,0,1)		0	 	0	 	0	 	0
gamma	 	(0,0,1)		0	 	0	 	0	 	0
gamma	 	(0,0,1)		0	 	0	 	0	 	0
e-	 	(0,0,1)		0	 	0	 	0	 	0
e-	 	(0,0,1)		0	 	0	 	0	 	0
gamma	 	(0,0,1)		0	 	0	 	0	 	0
e-	 	(0,0,1)		0	 	0	 	0	 	0
gamma	 	(0,0,1)		0	 	0	 	0	 	0
gamma	 	(0,0,1)		0	 	0	 	0	 	0
e-	 	(0,0,1)		0	 	0	 	0	 	0
gamma	 	(0,0,1)		0	 	0	 	0	 	0
gamma	 	(0,0,1)		0	 	0	 	0	 	0
gamma	 	(0,0,1)		0	 	0	 	0	 	0
gamma	 	(0,0,1)		0	 	0	 	0	 	0
gamma	 	(0,0,1)		0	 	0	 	0	 	0
gamma	 	(0,0,1)		0	 	0	 	0	 	0
e-	 	(0,0,1)		0	 	0	 	0	 	0
e-	 	(0,0,1)		0	 	0	 	0	 	0
gamma	 	(0,0,1)		0	 	0	 	0	 	0
gamma	 	(0,0,1)		0	 	0	 	0	 	0
gamma	 	(0,0,1)		0	 	0	 	0	 	0
e-	 	(0,0,1)		0	 	0	 	0	 	0
e-	 	(0,0,1)		0	 	0	 	0	 	0
gamma	 	(0,0,1)		0	 	0	 	0	 	0
e-	 	(0,0,1)		0	 	0	 	0	 	0
e-	 	(0,0,1)		0	 	0	 	0	 	0
e-	 	(0,0,1)		0	 	0	 	0	 	0
gamma	 	(0,0,1)		0	 	0	 	0	 	0
gamma	 	(0,0,1)		0	 	0	 	0	 	0
gamma	 	(0,0,1)		0	 	0	 	0	 	0
gamma	 	(0,0,1)		0	 	0	 	0	 	0
gamma	 	(0,0,1)		0	 	0	 	0	 	0
e-	 	(0,0,1)		0	 	0	 	0	 	0
gamma	 	(0,0,1)		0	 	0	 	0	 	0
gamma	 	(0,0,1)		0	 	0	 	0	 	0
gamma	 	(0,0,1)		0	 	0	 	0	 	0
gamma	 	(0,0,1)		0	 	0	 	100.729	 	0
gamma	 	(0,0,1)		0	 	0	 	0	 	0
gamma	 	(0,0,1)		0	 	0	 	0	 	0
gamma	 	(0,0,1)		0	 	0	 	0	 	0
gamma	 	(0,0,1)		0	 	0	 	0	 	0
gamma	 	(0,0,1)		0	 	0	 	0	 	0
e-	 	(0,0,1)		0	 	0	 	0	 	0
gamma	 	(0,0,1)		0	 	0	 	0	 	0
gamma	 	(0,0,1)		0	 	0	 	0	 	0
gamma	 	(0,0,1)		0	 	0	 	0	 	0
gamma	 	(0,0,1)		0	 	0	 	0	 	0
e-	 	(0,0,1)		0	 	0	 	0	 	0
e-	 	(0,0,1)		0	 	0	 	0	 	0
gamma	 	(0,0,1)		0	 	0	 	0	 	0
gamma	 	(0,0,1)		0	 	0	 	127.432	 	0
gamma	 	(0,0,1)		0	 	0	 	0	 	0
gamma	 	(0,0,1)		0	 	0	 	0	 	0
e-	 	(0,0,1)		0	 	0	 	0	 	0
gamma	 	(0,0,1)		0	 	0	 	0	 	0
gamma	 	(0,0,1)		0	 	0	 	0	 	0
e-	 	(0,0,1)		0	 	0	 	0	 	0
e-	 	(0,0,1)		0	 	0	 	0	 	0
gamma	 	(0,0,1)		0	 	0	 	0	 	0
e-	 	(0,0,1)		0	 	0	 	0	 	0
gamma	 	(0,0,1)		0	 	0	 	0	 	0
gamma	 	(0,0,1)		0	 	0	 	0	 	0
gamma	 	(0,0,1)		0	 	0	 	0	 	0
e-	 	(0,0,1)		0	 	0	 	0	 	0
gamma	 	(0,0,1)		0	 	0	 	0	 	0
gamma	 	(0,0,1)		0	 	0	 	0	 	0
gamma	 	(0,0,1)		0	 	0	 	0	 	0
gamma	 	(0,0,1)		0	 	0	 	0	 	0
gamma	 	(0,0,1)		0	 	0	 	0	 	0
e-	 	(0,0,1)		0	 	0	 	0	 	0
gamma	 	(0,0,1)		0	 	0	 	0	 	0
gamma	 	(0,0,1)		0	 	0	 	0	 	0
gamma	 	(0,0,1)		0	 	0	 	0	 	0
gamma	 	(0,0,1)		0	 	0	 	0	 	0
gamma	 	(0,0,1)		0	 	0	 	0	 	0
gamma	 	(0,0,1)		0	 	0	 	0	 	0
gamma	 	(0,0,1)		0	 	0	 	0	 	0
e-	 	(0,0,1)		0	 	0	 	0	 	0
gamma	 	(0,0,1)		0	 	0	 	0	 	0
gamma	 	(0,0,1)		0	 	0	 	0	 	0
gamma	 	(0,0,1)		0	 	0	 	0	 	0
gamma	 	(0,0,1)		0	 	0	 	0	 	0
gamma	 	(0,0,1)		0	 	0	 	0	 	0
gamma	 	(0,0,1)		0	 	0	 	0	 	0
gamma	 	(0,0,1)		0	 	0	 	0	 	0
gamma	 	(0,0,1)		0	 	0	 	0	 	0
gamma	 	(0,0,1)		0	 	0	 	0	 	0
e-	 	(0,0,1)		0	 	0	 	0	 	0
e-	 	(0,0,1)		0	 	0	 	0	 	0
e-	 	(0,0,1)		0	 	0	 	0	 	0
e-	 	(0,0,1)		0	 	0	 	0	 	0
gamma	 	(0,0,1)		0	 	0	 	0	 	0
gamma	 	(0,0,1)		0	 	0	 	0	 	0
e-	 	(0,0,1)		0	 	0	 	0	 	0
gamma	 	(0,0,1)		0	 	0	 	0	 	0
gamma	 	(0,0,1)		0	 	0	 	0	 	0
gamma	 	(0,0,1)		0	 	0	 	0	 	0
gamma	 	(0,0,1)		0	 	0	 	0	 	0
e-	 	(0,0,1)		0	 	0	 	0	 	0
e-	 	(0,0,1)		0	 	0	 	0	 	0
gamma	 	(0,0,1)		0	 	0	 	0	 	0
gamma	 	(0,0,1)		0	 	0	 	0	 	0
gamma	 	(0,0,1)		0	 	0	 	0	 	0
gamma	 	(0,0,1)		0	 	0	 	0	 	0
gamma	 	(0,0,1)		0	 	0	 	0	 	0
gamma	 	(0,0,1)		0	 	0	 	0	 	0
e-	 	(0,0,1)		0	 	0	 	0	 	0
e-	 	(0,0,1)		0	 	0	 	0	 	0
gamma	 	(0,0,1)		0	 	0	 	0	 	0
e-	 	(0,0,1)		0	 	0	 	0	 	0
gamma	 	(0,0,1)		0	 	0	 	0	 	0
gamma	 	(0,0,1)		0	 	0	 	0	 	0
gamma	 	(0,0,1)		0	 	0	 	0	 	0
gamma	 	(0,0,1)		0	 	0	 	0	 	0
e-	 	(0,0,1)		0	 	0	 	0	 	0
gamma	 	(0,0,1)		0	 	0	 	147.658	 	0
gamma	 	(0,0,1)		0	 	0	 	0	 	0
gamma	 	(0,0,1)		0	 	0	 	0	 	0
gamma	 	(0,0,1)		0	 	0	 	0	 	0
gamma	 	(0,0,1)		0	 	0	 	0	 	0
gamma	 	(0,0,1)		0	 	0	 	0	 	0
e-	 	(0,0,1)		0	 	0	 	0	 	0
gamma	 	(0,0,1)		0	 	0	 	0	 	0
gamma	 	(0,0,1)		0	 	0	 	0	 	0
e-	 	(0,0,1)		0	 	0	 	0	 	0
gamma	 	(0,0,1)		0	 	0	 	0	 	0
gamma	 	(0,0,1)		0	 	0	 	0	 	0
gamma	 	(0,0,1)		0	 	0	 	0	 	0
gamma	 	(0,0,1)		0	 	0	 	0	 	0
gamma	 	(0,0,1)		0	 	0	 	0	 	0
e-	 	(0,0,1)		0	 	0	 	0	 	0
gamma	 	(0,0,1)		0	 	0	 	0	 	0
gamma	 	(0,0,1)		0	 	0	 	0	 	0
e-	 	(0,0,1)		0	 	0	 	0	 	0
gamma	 	(0,0,1)		0	 	0	 	0	 	0
gamma	 	(0,0,1)		0	 	0	 	0	 	0
gamma	 	(0,0,1)		0	 	0	 	0	 	0
gamma	 	(0,0,1)		0	 	0	 	0	 	0
gamma	 	(0,0,1)		0	 	0	 	0	 	0
e-	 	(0,0,1)		0	 	0	 	0	 	0
gamma	 	(0,0,1)		0	 	0	 	0	 	0
gamma	 	(0,0,1)		0	 	0	 	0	 	0
gamma	 	(0,0,1)		0	 	0	 	0	 	0
gamma	 	(0,0,1)		0	 	0	 	0	 	0
gamma	 	(0,0,1)		0	 	0	 	0	 	0
gamma	 	(0,0,1)		0	 	0	 	70.7901	 	0
gamma	 	(0,0,1)		0	 	0	 	0	 	0
gamma	 	(0,0,1)		0	 	0	 	0	 	0
gamma	 	(0,0,1)		0	 	0	 	0	 	0
gamma	 	(0,0,1)		0	 	0	 	0	 	0
gamma	 	(0,0,1)		0	 	0	 	0	 	0
gamma	 	(0,0,1)		0	 	0	 	0	 	0
gamma	 	(0,0,1)		0	 	0	 	0	 	0
e-	 	(0,0,1)		0	 	0	 	0	 	0
e-	 	(0,0,1)		0	 	0	 	0	 	0
gamma	 	(0,0,1)		0	 	0	 	0	 	0
gamma	 	(0,0,1)		0	 	0	 	0	 	0
gamma	 	(0,0,1)		0	 	0	 	0	 	0
gamma	 	(0,0,1)		0	 	0	 	0	 	0
gamma	 	(0,0,1)		0	 	0	 	0	 	0
gamma	 	(0,0,1)		0	 	0	 	0	 	0
gamma	 	(0,0,1)		0	 	0	 	0	 	0
gamma	 	(0,0,1)		0	 	0	 	0	 	0
e-	 	(0,0,1)		0	 	0	 	0	 	0
e-	 	(0,0,1)		0	 	0	 	0	 	0
gamma	 	(0,0,1)		0	 	0	 	0	 	0
e-	 	(0,0,1)		0	 	0	 	0	 	0
gamma	 	(0,0,1)		0	 	0	 	0	 	0
gamma	 	(0,0,1)		0	 	0	 	0	 	0
e-	 	(0,0,1)		0	 	0	 	0	 	0
gamma	 	(0,0,1)		0	 	0	 	0	 	0
gamma	 	(0,0,1)		0	 	0	 	0	 	0
e-	 	(0,0,1)		0	 	0	 	0	 	0
gamma	 	(0,0,1)		0	 	0	 	0	 	0
gamma	 	(0,0,1)		0	 	0	 	0	 	0
e-	 	(0,0,1)		0	 	0	 	0	 	0
gamma	 	(0,0,1)		0	 	0	 	0	 	0
gamma	 	(0,0,1)		0	 	0	 	0	 	0
gamma	 	(0,0,1)		0	 	0	 	0	 	0
e-	 	(0,0,1)		0	 	0	 	0	 	0
e-	 	(0,0,1)		0	 	0	 	0	 	0
e-	 	(0,0,1)		0	 	0	 	0	 	0
gamma	 	(0,0,1)		0	 	0	 	0	 	0
gamma	 	(0,0,1)		0	 	0	 	0	 	0
gamma	 	(0,0,1)		0	 	0	 	0	 	0
e-	 	(0,0,1)		0	 	0	 	0	 	0
gamma	 	(0,0,1)		0	 	0	 	0	 	0
e-	 	(0,0,1)		0	 	0	 	0	 	0
e-	 	(0,0,1)		0	 	0	 	0	 	0
e-	 	(0,0,1)		0	 	0	 	0	 	0
gamma	 	(0,0,1)		0	 	0	 	0	 	0
gamma	 	(0,0,1)		0	 	0	 	0	 	0
e-	 	(0,0,1)		0	 	0	 	0	 	0
gamma	 	(0,0,1)		0	 	0	 	0	 	0
e-	 	(0,0,1)		0	 	0	 	0	 	0
e-	 	(0,0,1)		0	 	0	 	0	 	0
e-	 	(0,0,1)		0	 	0	 	0	 	0
e-	 	(0,0,1)		0	 	0	 	0	 	0
gamma	 	(0,0,1)		0	 	0	 	0	 	0
gamma	 	(0,0,1)		0	 	0	 	0	 	0
gamma	 	(0,0,1)		0	 	0	 	0	 	0
gamma	 	(0,0,1)		0	 	0	 	0	 	0
gamma	 	(0,0,1)		0	 	0	 	0	 	0
gamma	 	(0,0,1)		0	 	0	 	49.5359	 	0
e-	 	(0,0,1)		0	 	0	 	0	 	0
gamma	 	(0,0,1)		0	 	0	 	0	 	0
gamma	 	(0,0,1)		0	 	0	 	0	 	0
gamma	 	(0,0,1)		0	 	0	 	0	 	0
gamma	 	(0,0,1)		0	 	0	 	0	 	0
gamma	 	(0,0,1)		0	 	0	 	0	 	0
gamma	 	(0,0,1)		0	 	0	 	0	 	0
e-	 	(0,0,1)		0	 	0	 	0	 	0
gamma	 	(0,0,1)		0	 	0	 	0	 	0
gamma	 	(0,0,1)		0	 	0	 	0	 	0
e-	 	(0,0,1)		0	 	0	 	0	 	0
e-	 	(0,0,1)		0	 	0	 	0	 	0
gamma	 	(0,0,1)		0	 	0	 	0	 	0
gamma	 	(0,0,1)		0	 	0	 	0	 	0
gamma	 	(0,0,1)		0	 	0	 	0	 	0
e-	 	(0,0,1)		0	 	0	 	0	 	0
e-	 	(0,0,1)		0	 	0	 	0	 	0
gamma	 	(0,0,1)		0	 	0	 	0	 	0
gamma	 	(0,0,1)		0	 	0	 	0	 	0
e-	 	(0,0,1)		0	 	0	 	0	 	0
gamma	 	(0,0,1)		0	 	0	 	0	 	0
e-	 	(0,0,1)		0	 	0	 	0	 	0
gamma	 	(0,0,1)		0	 	0	 	0	 	0
e-	 	(0,0,1)		0	 	0	 	0	 	0
e-	 	(0,0,1)		0	 	0	 	0	 	0
e-	 	(0,0,1)		0	 	0	 	0	 	0
e-	 	(0,0,1)		0	 	0	 	0	 	0
gamma	 	(0,0,1)		0	 	0	 	0	 	0
gamma	 	(0,0,1)		0	 	0	 	0	 	0
gamma	 	(0,0,1)		0	 	0	 	0	 	0
gamma	 	(0,0,1)		0	 	0	 	0	 	0
gamma	 	(0,0,1)		0	 	0	 	0	 	0
gamma	 	(0,0,1)		0	 	0	 	0	 	0
e-	 	(0,0,1)		0	 	0	 	0	 	0
gamma	 	(0,0,1)		0	 	0	 	105.301	 	0
gamma	 	(0,0,1)		0	 	0	 	209.366	 	0
gamma	 	(0,0,1)		0	 	0	 	0	 	0
gamma	 	(0,0,1)		0	 	0	 	0	 	0
gamma	 	(0,0,1)		0	 	0	 	0	 	0
e-	 	(0,0,1)		0	 	0	 	0	 	0
gamma	 	(0,0,1)		0	 	0	 	0	 	0
e-	 	(0,0,1)		0	 	0	 	0	 	0
gamma	 	(0,0,1)		0	 	0	 	0	 	0
gamma	 	(0,0,1)		0	 	0	 	0	 	0
gamma	 	(0,0,1)		0	 	0	 	0	 	0
e-	 	(0,0,1)		0	 	0	 	0	 	0
gamma	 	(0,0,1)		0	 	0	 	0	 	0
e-	 	(0,0,1)		0	 	0	 	0	 	0
gamma	 	(0,0,1)		0	 	0	 	48.79	 	0
gamma	 	(0,0,1)		0	 	0	 	0	 	0
e-	 	(0,0,1)		0	 	0	 	0	 	0
gamma	 	(0,0,1)		0	 	0	 	0	 	0
gamma	 	(0,0,1)		0	 	0	 	0	 	0
gamma	 	(0,0,1)		0	 	0	 	0	 	0
gamma	 	(0,0,1)		0	 	0	 	0	 	0
gamma	 	(0,0,1)		0	 	0	 	0	 	0
gamma	 	(0,0,1)		0	 	0	 	0	 	0
e-	 	(0,0,1)		0	 	0	 	0	 	0
gamma	 	(0,0,1)		0	 	0	 	0	 	0
gamma	 	(0,0,1)		0	 	0	 	0	 	0
gamma	 	(0,0,1)		0	 	0	 	0	 	0
e-	 	(0,0,1)		0	 	0	 	0	 	0
gamma	 	(0,0,1)		0	 	0	 	0	 	0
gamma	 	(0,0,1)		0	 	0	 	0	 	0
e-	 	(0,0,1)		0	 	0	 	0	 	0
e-	 	(0,0,1)		0	 	0	 	0	 	0
gamma	 	(0,0,1)		0	 	0	 	0	 	0
gamma	 	(0,0,1)		0	 	0	 	0	 	0
gamma	 	(0,0,1)		0	 	0	 	0	 	0
gamma	 	(0,0,1)		0	 	0	 	0	 	0
gamma	 	(0,0,1)		0	 	0	 	0	 	0
e-	 	(0,0,1)		0	 	0	 	0	 	0
gamma	 	(0,0,1)		0	 	0	 	0	 	0
e-	 	(0,0,1)		0	 	0	 	0	 	0
gamma	 	(0,0,1)		0	 	0	 	0	 	0
gamma	 	(0,0,1)		0	 	0	 	0	 	0
gamma	 	(0,0,1)		0	 	0	 	0	 	0
e-	 	(0,0,1)		0	 	0	 	0	 	0
gamma	 	(0,0,1)		0	 	0	 	0	 	0
e-	 	(0,0,1)		0	 	0	 	0	 	0
gamma	 	(0,0,1)		0	 	0	 	0	 	0
gamma	 	(0,0,1)		0	 	0	 	0	 	0
gamma	 	(0,0,1)		0	 	0	 	0	 	0
e-	 	(0,0,1)		0	 	0	 	0	 	0
gamma	 	(0,0,1)		0	 	0	 	0	 	0
gamma	 	(0,0,1)		0	 	0	 	0	 	0
gamma	 	(0,0,1)		0	 	0	 	0	 	0
e-	 	(0,0,1)		0	 	0	 	0	 	0
gamma	 	(0,0,1)		0	 	0	 	0	 	0
gamma	 	(0,0,1)		0	 	0	 	0	 	0
gamma	 	(0,0,1)		0	 	0	 	0	 	0
gamma	 	(0,0,1)		0	 	0	 	0	 	0
gamma	 	(0,0,1)		0	 	0	 	0	 	0
e-	 	(0,0,1)		0	 	0	 	0	 	0
gamma	 	(0,0,1)		0	 	0	 	0	 	0
gamma	 	(0,0,1)		0	 	0	 	0	 	0
gamma	 	(0,0,1)		0	 	0	 	0	 	0
e-	 	(0,0,1)		0	 	0	 	0	 	0
e-	 	(0,0,1)		0	 	0	 	0	 	0
e-	 	(0,0,1)		0	 	0	 	0	 	0
gamma	 	(0,0,1)		0	 	0	 	0	 	0
gamma	 	(0,0,1)		0	 	0	 	0	 	0
gamma	 	(0,0,1)		0	 	0	 	0	 	0
e-	 	(0,0,1)		0	 	0	 	0	 	0
e-	 	(0,0,1)		0	 	0	 	0	 	0
e-	 	(0,0,1)		0	 	0	 	0	 	0
gamma	 	(0,0,1)		0	 	0	 	0	 	0
gamma	 	(0,0,1)		0	 	0	 	0	 	0
e-	 	(0,0,1)		0	 	0	 	0	 	0
gamma	 	(0,0,1)		0	 	0	 	0	 	0
e-	 	(0,0,1)		0	 	0	 	0	 	0
gamma	 	(0,0,1)		0	 	0	 	0	 	0
gamma	 	(0,0,1)		0	 	0	 	0	 	0
gamma	 	(0,0,1)		0	 	0	 	0	 	0
e-	 	(0,0,1)		0	 	0	 	0	 	0
gamma	 	(0,0,1)		0	 	0	 	0	 	0
gamma	 	(0,0,1)		0	 	0	 	0	 	0
gamma	 	(0,0,1)		0	 	0	 	0	 	0
e-	 	(0,0,1)		0	 	0	 	0	 	0
gamma	 	(0,0,1)		0	 	0	 	0	 	0
e-	 	(0,0,1)		0	 	0	 	0	 	0
e-	 	(0,0,1)		0	 	0	 	0	 	0
gamma	 	(0,0,1)		0	 	0	 	0	 	0
gamma	 	(0,0,1)		0	 	0	 	0	 	0
e-	 	(0,0,1)		0	 	0	 	0	 	0
e-	 	(0,0,1)		0	 	0	 	0	 	0
gamma	 	(0,0,1)		0	 	0	 	0	 	0
gamma	 	(0,0,1)		0	 	0	 	0	 	0
e-	 	(0,0,1)		0	 	0	 	0	 	0
gamma	 	(0,0,1)		0	 	0	 	0	 	0
gamma	 	(0,0,1)		0	 	0	 	0	 	0
gamma	 	(0,0,1)		0	 	0	 	114.452	 	0
gamma	 	(0,0,1)		0	 	0	 	0	 	0
gamma	 	(0,0,1)		0	 	0	 	0	 	0
gamma	 	(0,0,1)		0	 	0	 	0	 	0
gamma	 	(0,0,1)		0	 	0	 	0	 	0
gamma	 	(0,0,1)		0	 	0	 	53.2969	 	0
gamma	 	(0,0,1)		0	 	0	 	0	 	0
gamma	 	(0,0,1)		0	 	0	 	0	 	0
gamma	 	(0,0,1)		0	 	0	 	0	 	0
e-	 	(0,0,1)		0	 	0	 	0	 	0
gamma	 	(0,0,1)		0	 	0	 	0	 	0
gamma	 	(0,0,1)		0	 	0	 	0	 	0
gamma	 	(0,0,1)		0	 	0	 	0	 	0
gamma	 	(0,0,1)		0	 	0	 	0	 	0
gamma	 	(0,0,1)		0	 	0	 	0	 	0
gamma	 	(0,0,1)		0	 	0	 	0	 	0
e-	 	(0,0,1)		0	 	0	 	0	 	0
gamma	 	(0,0,1)		0	 	0	 	0	 	0
gamma	 	(0,0,1)		0	 	0	 	0	 	0
gamma	 	(0,0,1)		0	 	0	 	0	 	0
e-	 	(0,0,1)		0	 	0	 	0	 	0
e-	 	(0,0,1)		0	 	0	 	0	 	0
e-	 	(0,0,1)		0	 	0	 	0	 	0
gamma	 	(0,0,1)		0	 	0	 	0	 	0
e-	 	(0,0,1)		0	 	0	 	0	 	0
e-	 	(0,0,1)		0	 	0	 	0	 	0
gamma	 	(0,0,1)		0	 	0	 	0	 	0
e-	 	(0,0,1)		0	 	0	 	0	 	0
gamma	 	(0,0,1)		0	 	0	 	0	 	0
e-	 	(0,0,1)		0	 	0	 	0	 	0
e-	 	(0,0,1)		0	 	0	 	0	 	0
e-	 	(0,0,1)		0	 	0	 	0	 	0
gamma	 	(0,0,1)		0	 	0	 	0	 	0
gamma	 	(0,0,1)		0	 	0	 	0	 	0
e-	 	(0,0,1)		0	 	0	 	0	 	0
gamma	 	(0,0,1)		0	 	0	 	0	 	0
gamma	 	(0,0,1)		0	 	0	 	0	 	0
gamma	 	(0,0,1)		0	 	0	 	0	 	0
gamma	 	(0,0,1)		0	 	0	 	0	 	0
gamma	 	(0,0,1)		0	 	0	 	0	 	0
e-	 	(0,0,1)		0	 	0	 	0	 	0
gamma	 	(0,0,1)		0	 	0	 	0	 	0
gamma	 	(0,0,1)		0	 	0	 	0	 	0
gamma	 	(0,0,1)		0	 	0	 	0	 	0
e-	 	(0,0,1)		0	 	0	 	0	 	0
gamma	 	(0,0,1)		0	 	0	 	0	 	0
gamma	 	(0,0,1)		0	 	0	 	0	 	0
gamma	 	(0,0,1)		0	 	0	 	0	 	0
e-	 	(0,0,1)		0	 	0	 	0	 	0
gamma	 	(0,0,1)		0	 	0	 	0	 	0
e-	 	(0,0,1)		0	 	0	 	0	 	0
gamma	 	(0,0,1)		0	 	0	 	0	 	0
gamma	 	(0,0,1)		0	 	0	 	0	 	0
e-	 	(0,0,1)		0	 	0	 	0	 	0
e-	 	(0,0,1)		0	 	0	 	0	 	0
gamma	 	(0,0,1)		0	 	0	 	0	 	0
gamma	 	(0,0,1)		0	 	0	 	0	 	0
gamma	 	(0,0,1)		0	 	0	 	0	 	0
gamma	 	(0,0,1)		0	 	0	 	0	 	0
gamma	 	(0,0,1)		0	 	0	 	0	 	0
gamma	 	(0,0,1)		0	 	0	 	0	 	0
gamma	 	(0,0,1)		0	 	0	 	0	 	0
e-	 	(0,0,1)		0	 	0	 	0	 	0
gamma	 	(0,0,1)		0	 	0	 	0	 	0
gamma	 	(0,0,1)		0	 	0	 	80.018	 	0
e-	 	(0,0,1)		0	 	0	 	0	 	0
e-	 	(0,0,1)		0	 	0	 	0	 	0
e-	 	(0,0,1)		0	 	0	 	0	 	0
e-	 	(0,0,1)		0	 	0	 	0	 	0
gamma	 	(0,0,1)		0	 	0	 	0	 	0
e-	 	(0,0,1)		0	 	0	 	0	 	0
gamma	 	(0,0,1)		0	 	0	 	0	 	0
e-	 	(0,0,1)		0	 	0	 	0	 	0
gamma	 	(0,0,1)		0	 	0	 	0	 	0
e-	 	(0,0,1)		0	 	0	 	0	 	0
e-	 	(0,0,1)		0	 	0	 	0	 	0
e-	 	(0,0,1)		0	 	0	 	0	 	0
gamma	 	(0,0,1)		0	 	0	 	0	 	0
gamma	 	(0,0,1)		0	 	0	 	0	 	0
gamma	 	(0,0,1)		0	 	0	 	0	 	0
e-	 	(0,0,1)		0	 	0	 	0	 	0
gamma	 	(0,0,1)		0	 	0	 	0	 	0
gamma	 	(0,0,1)		0	 	0	 	0	 	0
gamma	 	(0,0,1)		0	 	0	 	0	 	0
e-	 	(0,0,1)		0	 	0	 	0	 	0
e-	 	(0,0,1)		0	 	0	 	0	 	0
gamma	 	(0,0,1)		0	 	0	 	0	 	0
gamma	 	(0,0,1)		0	 	0	 	0	 	0
e-	 	(0,0,1)		0	 	0	 	0	 	0
e-	 	(0,0,1)		0	 	0	 	0	 	0
gamma	 	(0,0,1)		0	 	0	 	0	 	0
gamma	 	(0,0,1)		0	 	0	 	0	 	0
e-	 	(0,0,1)		0	 	0	 	0	 	0
gamma	 	(0,0,1)		0	 	0	 	0	 	0
gamma	 	(0,0,1)		0	 	0	 	0	 	0
gamma	 	(0,0,1)		0	 	0	 	0	 	0
gamma	 	(0,0,1)		0	 	0	 	0	 	0
gamma	 	(0,0,1)		0	 	0	 	0	 	0
e-	 	(0,0,1)		0	 	0	 	0	 	0
e-	 	(0,0,1)		0	 	0	 	0	 	0
gamma	 	(0,0,1)		0	 	0	 	0	 	0
e-	 	(0,0,1)		0	 	0	 	0	 	0
gamma	 	(0,0,1)		0	 	0	 	0	 	0
gamma	 	(0,0,1)		0	 	0	 	0	 	0
gamma	 	(0,0,1)		0	 	0	 	0	 	0
gamma	 	(0,0,1)		0	 	0	 	0	 	0
e-	 	(0,0,1)		0	 	0	 	0	 	0
e-	 	(0,0,1)		0	 	0	 	0	 	0
gamma	 	(0,0,1)		0	 	0	 	0	 	0
gamma	 	(0,0,1)		0	 	0	 	0	 	0
gamma	 	(0,0,1)		0	 	0	 	0	 	0
gamma	 	(0,0,1)		0	 	0	 	0	 	0
gamma	 	(0,0,1)		0	 	0	 	0	 	0
gamma	 	(0,0,1)		0	 	0	 	0	 	0
gamma	 	(0,0,1)		0	 	0	 	0	 	0
e-	 	(0,0,1)		0	 	0	 	0	 	0
e-	 	(0,0,1)		0	 	0	 	0	 	0
gamma	 	(0,0,1)		0	 	0	 	178.603	 	0
gamma	 	(0,0,1)		0	 	0	 	0	 	0
e-	 	(0,0,1)		0	 	0	 	0	 	0
e-	 	(0,0,1)		0	 	0	 	0	 	0
e-	 	(0,0,1)		0	 	0	 	0	 	0
e-	 	(0,0,1)		0	 	0	 	0	 	0
gamma	 	(0,0,1)		0	 	0	 	0	 	0
gamma	 	(0,0,1)		0	 	0	 	0	 	0
gamma	 	(0,0,1)		0	 	0	 	159.223	 	0
gamma	 	(0,0,1)		0	 	0	 	0	 	0
gamma	 	(0,0,1)		0	 	0	 	0	 	0
gamma	 	(0,0,1)		0	 	0	 	0	 	0
gamma	 	(0,0,1)		0	 	0	 	0	 	0
gamma	 	(0,0,1)		0	 	0	 	0	 	0
gamma	 	(0,0,1)		0	 	0	 	0	 	0
gamma	 	(0,0,1)		0	 	0	 	0	 	0
gamma	 	(0,0,1)		0	 	0	 	0	 	0
e-	 	(0,0,1)		0	 	0	 	0	 	0
gamma	 	(0,0,1)		0	 	0	 	0	 	0
e-	 	(0,0,1)		0	 	0	 	0	 	0
gamma	 	(0,0,1)		0	 	0	 	0	 	0
gamma	 	(0,0,1)		0	 	0	 	0	 	0
e-	 	(0,0,1)		0	 	0	 	0	 	0
gamma	 	(0,0,1)		0	 	0	 	0	 	0
gamma	 	(0,0,1)		0	 	0	 	0	 	0
gamma	 	(0,0,1)		0	 	0	 	0	 	0
gamma	 	(0,0,1)		0	 	0	 	0	 	0
gamma	 	(0,0,1)		0	 	0	 	0	 	0
gamma	 	(0,0,1)		0	 	0	 	0	 	0
gamma	 	(0,0,1)		0	 	0	 	0	 	0
gamma	 	(0,0,1)		0	 	0	 	0	 	0
gamma	 	(0,0,1)		0	 	0	 	0	 	0
e-	 	(0,0,1)		0	 	0	 	0	 	0
e-	 	(0,0,1)		0	 	0	 	0	 	0
gamma	 	(0,0,1)		0	 	0	 	0	 	0
gamma	 	(0,0,1)		0	 	0	 	0	 	0
gamma	 	(0,0,1)		0	 	0	 	0	 	0
gamma	 	(0,0,1)		0	 	0	 	0	 	0
gamma	 	(0,0,1)		0	 	0	 	0	 	0
gamma	 	(0,0,1)		0	 	0	 	0	 	0
gamma	 	(0,0,1)		0	 	0	 	0	 	0
e-	 	(0,0,1)		0	 	0	 	0	 	0
e-	 	(0,0,1)		0	 	0	 	0	 	0
e-	 	(0,0,1)		0	 	0	 	0	 	0
e-	 	(0,0,1)		0	 	0	 	0	 	0
gamma	 	(0,0,1)		0	 	0	 	0	 	0
gamma	 	(0,0,1)		0	 	0	 	0	 	0
gamma	 	(0,0,1)		0	 	0	 	0	 	0
gamma	 	(0,0,1)		0	 	0	 	0	 	0
gamma	 	(0,0,1)		0	 	0	 	0	 	0
gamma	 	(0,0,1)		0	 	0	 	0	 	0
gamma	 	(0,0,1)		0	 	0	 	0	 	0
gamma	 	(0,0,1)		0	 	0	 	211.788	 	0
e-	 	(0,0,1)		0	 	0	 	0	 	0
e-	 	(0,0,1)		0	 	0	 	0	 	0
e-	 	(0,0,1)		0	 	0	 	0	 	0
e-	 	(0,0,1)		0	 	0	 	0	 	0
gamma	 	(0,0,1)		0	 	0	 	0	 	0
gamma	 	(0,0,1)		0	 	0	 	0	 	0
gamma	 	(0,0,1)		0	 	0	 	0	 	0
e-	 	(0,0,1)		0	 	0	 	0	 	0
gamma	 	(0,0,1)		0	 	0	 	0	 	0
e-	 	(0,0,1)		0	 	0	 	0	 	0
e-	 	(0,0,1)		0	 	0	 	0	 	0
gamma	 	(0,0,1)		0	 	0	 	0	 	0
gamma	 	(0,0,1)		0	 	0	 	0	 	0
gamma	 	(0,0,1)		0	 	0	 	0	 	0
gamma	 	(0,0,1)		0	 	0	 	0	 	0
gamma	 	(0,0,1)		0	 	0	 	0	 	0
e-	 	(0,0,1)		0	 	0	 	0	 	0
gamma	 	(0,0,1)		0	 	0	 	0	 	0
gamma	 	(0,0,1)		0	 	0	 	0	 	0
gamma	 	(0,0,1)		0	 	0	 	0	 	0
e-	 	(0,0,1)		0	 	0	 	0	 	0
gamma	 	(0,0,1)		0	 	0	 	107.333	 	0
gamma	 	(0,0,1)		0	 	0	 	0	 	0
gamma	 	(0,0,1)		0	 	0	 	0	 	0
gamma	 	(0,0,1)		0	 	0	 	0	 	0
Total number of simulated events during this run: 1000
