Particle species 	 Momentum Direction 	 Energy Deposited (keV): East Scint 	 East MWPC 	 West Scint 	 West MWPC 
gamma	 	(0,1,0)		0	 	0	 	0	 	0
gamma	 	(0,1,0)		0	 	0	 	0	 	0
gamma	 	(0,1,0)		0	 	0	 	0	 	0
e-	 	(0,0,1)		0	 	0	 	0	 	0
e-	 	(0,0,1)		0	 	0	 	0	 	0
e-	 	(0,0,-1)		356.949	 	1.3423	 	0	 	0
e-	 	(0,0,-1)		358.381	 	0.968512	 	0	 	0
gamma	 	(0,1,0)		0	 	0	 	0	 	0
gamma	 	(0,1,0)		0	 	0	 	0	 	0
e-	 	(0,0,1)		0	 	0	 	0	 	0
gamma	 	(0,1,0)		0	 	0	 	0	 	0
e-	 	(0,0,-1)		359.043	 	1.18975	 	0	 	0
gamma	 	(0,1,0)		0	 	0	 	0	 	0
e-	 	(0,0,-1)		358.162	 	1.65452	 	0	 	0
e-	 	(0,0,-1)		358.064	 	1.45891	 	0	 	0
gamma	 	(0,1,0)		0	 	0	 	0	 	0
gamma	 	(0,1,0)		0	 	0	 	0	 	0
gamma	 	(0,1,0)		0	 	0	 	0	 	0
gamma	 	(0,1,0)		0	 	0	 	0	 	0
gamma	 	(0,1,0)		0	 	0	 	0	 	0
gamma	 	(0,1,0)		0	 	0	 	0	 	0
gamma	 	(0,1,0)		0	 	0	 	0	 	0
gamma	 	(0,1,0)		0	 	0	 	0	 	0
gamma	 	(0,1,0)		0	 	0	 	0	 	0
gamma	 	(0,1,0)		0	 	0	 	0	 	0
gamma	 	(0,1,0)		0	 	0	 	0	 	0
gamma	 	(0,1,0)		0	 	0	 	0	 	0
gamma	 	(0,1,0)		0	 	0	 	0	 	0
gamma	 	(0,1,0)		0	 	0	 	0	 	0
gamma	 	(0,1,0)		0	 	0	 	0	 	0
e-	 	(0,0,1)		0	 	0	 	0	 	0
gamma	 	(0,1,0)		0	 	0	 	0	 	0
gamma	 	(0,1,0)		0	 	0	 	0	 	0
e-	 	(0,0,-1)		359.501	 	1.45335	 	0	 	0
gamma	 	(0,1,0)		0	 	0	 	0	 	0
gamma	 	(0,1,0)		0	 	0	 	0	 	0
e-	 	(0,0,1)		0	 	0	 	0	 	0
gamma	 	(0,1,0)		0	 	0	 	0	 	0
gamma	 	(0,1,0)		0	 	0	 	0	 	0
e-	 	(0,0,1)		0	 	0	 	0	 	0
gamma	 	(0,1,0)		0	 	0	 	0	 	0
e-	 	(0,0,1)		0	 	0	 	0	 	0
gamma	 	(0,1,0)		0	 	0	 	0	 	0
gamma	 	(0,1,0)		0	 	0	 	0	 	0
gamma	 	(0,1,0)		0	 	0	 	0	 	0
gamma	 	(0,1,0)		0	 	0	 	0	 	0
gamma	 	(0,1,0)		0	 	0	 	0	 	0
e-	 	(0,0,-1)		347.238	 	7.59457	 	0	 	0
e-	 	(0,0,-1)		299.27	 	3.99255	 	0	 	0
gamma	 	(0,1,0)		0	 	0	 	0	 	0
gamma	 	(0,1,0)		0	 	0	 	0	 	0
gamma	 	(0,1,0)		0	 	0	 	0	 	0
e-	 	(0,0,-1)		383.121	 	1.0727	 	0	 	0
e-	 	(0,0,1)		0	 	0	 	0	 	0
gamma	 	(0,1,0)		0	 	0	 	0	 	0
gamma	 	(0,1,0)		0	 	0	 	0	 	0
e-	 	(0,0,-1)		355.09	 	1.23813	 	0	 	0
gamma	 	(0,1,0)		0	 	0	 	0	 	0
gamma	 	(0,1,0)		0	 	0	 	0	 	0
e-	 	(0,0,1)		0	 	0	 	0	 	0
e-	 	(0,0,1)		0	 	0	 	0	 	0
e-	 	(0,0,1)		0	 	0	 	0	 	0
gamma	 	(0,1,0)		0	 	0	 	0	 	0
e-	 	(0,0,-1)		378.686	 	1.43238	 	0	 	0
gamma	 	(0,1,0)		0	 	0	 	0	 	0
e-	 	(0,0,-1)		383.61	 	0.685838	 	0	 	0
e-	 	(0,0,1)		0	 	0	 	0	 	0
gamma	 	(0,1,0)		0	 	0	 	0	 	0
gamma	 	(0,1,0)		0	 	0	 	0	 	0
gamma	 	(0,1,0)		0	 	0	 	0	 	0
e-	 	(0,0,1)		0	 	0	 	0	 	0
gamma	 	(0,1,0)		0	 	0	 	0	 	0
gamma	 	(0,1,0)		0	 	0	 	0	 	0
gamma	 	(0,1,0)		0	 	0	 	0	 	0
gamma	 	(0,1,0)		0	 	0	 	0	 	0
gamma	 	(0,1,0)		0	 	0	 	0	 	0
e-	 	(0,0,1)		0	 	0	 	0	 	0
e-	 	(0,0,1)		0	 	0	 	0	 	0
gamma	 	(0,1,0)		0	 	0	 	0	 	0
gamma	 	(0,1,0)		0	 	0	 	0	 	0
gamma	 	(0,1,0)		0	 	0	 	0	 	0
gamma	 	(0,1,0)		0	 	0	 	0	 	0
e-	 	(0,0,-1)		359.118	 	0.680576	 	0	 	0
gamma	 	(0,1,0)		0	 	0	 	0	 	0
gamma	 	(0,1,0)		0	 	0	 	0	 	0
gamma	 	(0,1,0)		0	 	0	 	0	 	0
e-	 	(0,0,1)		0	 	0	 	0	 	0
gamma	 	(0,1,0)		0	 	0	 	0	 	0
gamma	 	(0,1,0)		0	 	0	 	0	 	0
e-	 	(0,0,-1)		358.599	 	1.44588	 	0	 	0
gamma	 	(0,1,0)		0	 	0	 	0	 	0
gamma	 	(0,1,0)		0	 	0	 	0	 	0
gamma	 	(0,1,0)		0	 	0	 	0	 	0
gamma	 	(0,1,0)		0	 	0	 	0	 	0
gamma	 	(0,1,0)		0	 	0	 	0	 	0
gamma	 	(0,1,0)		0	 	0	 	0	 	0
gamma	 	(0,1,0)		0	 	0	 	0	 	0
gamma	 	(0,1,0)		0	 	0	 	0	 	0
gamma	 	(0,1,0)		0	 	0	 	0	 	0
e-	 	(0,0,1)		0	 	0	 	0	 	0
Total number of simulated events during this run: 100
Particle species 	 Momentum Direction 	 Energy Deposited (keV): East Scint 	 East MWPC 	 West Scint 	 West MWPC 
e-	 	(0,0,1)		0	 	0	 	285.921	 	28.6036
gamma	 	(0,1,0)		0	 	0	 	0	 	0
gamma	 	(0,1,0)		0	 	0	 	0	 	0
e-	 	(0,0,1)		0	 	0	 	358.245	 	1.36564
gamma	 	(0,1,0)		0	 	0	 	0	 	0
gamma	 	(0,1,0)		0	 	0	 	0	 	0
gamma	 	(0,1,0)		0	 	0	 	0	 	0
gamma	 	(0,1,0)		0	 	0	 	0	 	0
e-	 	(0,0,-1)		358.253	 	1.30237	 	0	 	0
gamma	 	(0,1,0)		0	 	0	 	0	 	0
gamma	 	(0,1,0)		0	 	0	 	0	 	0
e-	 	(0,0,1)		0	 	0	 	359.009	 	0.939828
gamma	 	(0,1,0)		0	 	0	 	0	 	0
gamma	 	(0,1,0)		0	 	0	 	0	 	0
e-	 	(0,0,1)		0	 	0	 	348.356	 	1.52694
gamma	 	(0,1,0)		0	 	0	 	0	 	0
e-	 	(0,0,-1)		359.922	 	1.06347	 	0	 	0
gamma	 	(0,1,0)		0	 	0	 	0	 	0
e-	 	(0,0,-1)		354.376	 	1.14873	 	0	 	0
gamma	 	(0,1,0)		0	 	0	 	0	 	0
e-	 	(0,0,1)		0	 	0	 	382.395	 	0.976038
gamma	 	(0,1,0)		0	 	0	 	0	 	0
gamma	 	(0,1,0)		0	 	0	 	0	 	0
gamma	 	(0,1,0)		0	 	0	 	0	 	0
e-	 	(0,0,-1)		347.99	 	1.34393	 	0	 	0
gamma	 	(0,1,0)		0	 	0	 	0	 	0
gamma	 	(0,1,0)		0	 	0	 	0	 	0
gamma	 	(0,1,0)		0	 	0	 	0	 	0
gamma	 	(0,1,0)		0	 	0	 	0	 	0
gamma	 	(0,1,0)		0	 	0	 	0	 	0
e-	 	(0,0,1)		0	 	0	 	349.736	 	1.44348
e-	 	(0,0,1)		0	 	0	 	353.669	 	2.78472
gamma	 	(0,1,0)		0	 	0	 	0	 	0
e-	 	(0,0,-1)		358.695	 	1.25311	 	0	 	0
gamma	 	(0,1,0)		0	 	0	 	0	 	0
e-	 	(0,0,-1)		359.752	 	0.705174	 	0	 	0
gamma	 	(0,1,0)		0	 	0	 	0	 	0
gamma	 	(0,1,0)		0	 	0	 	0	 	0
e-	 	(0,0,-1)		359.098	 	1.06747	 	0	 	0
gamma	 	(0,1,0)		0	 	0	 	0	 	0
e-	 	(0,0,1)		0	 	0	 	358.241	 	1.21553
gamma	 	(0,1,0)		0	 	0	 	0	 	0
e-	 	(0,0,-1)		358.038	 	1.24537	 	0	 	0
e-	 	(0,0,-1)		356.681	 	1.4738	 	0	 	0
gamma	 	(0,1,0)		0	 	0	 	0	 	0
e-	 	(0,0,1)		0	 	0	 	359.863	 	1.21082
gamma	 	(0,1,0)		0	 	0	 	0	 	0
gamma	 	(0,1,0)		0	 	0	 	0	 	0
gamma	 	(0,1,0)		0	 	0	 	0	 	0
gamma	 	(0,1,0)		0	 	0	 	0	 	0
gamma	 	(0,1,0)		0	 	0	 	0	 	0
gamma	 	(0,1,0)		0	 	0	 	0	 	0
gamma	 	(0,1,0)		0	 	0	 	0	 	0
gamma	 	(0,1,0)		0	 	0	 	0	 	0
gamma	 	(0,1,0)		0	 	0	 	0	 	0
gamma	 	(0,1,0)		0	 	0	 	0	 	0
gamma	 	(0,1,0)		0	 	0	 	0	 	0
gamma	 	(0,1,0)		0	 	0	 	0	 	0
gamma	 	(0,1,0)		0	 	0	 	0	 	0
gamma	 	(0,1,0)		0	 	0	 	0	 	0
gamma	 	(0,1,0)		0	 	0	 	0	 	0
e-	 	(0,0,1)		0	 	0	 	268.517	 	3.53111
gamma	 	(0,1,0)		0	 	0	 	0	 	0
gamma	 	(0,1,0)		0	 	0	 	0	 	0
e-	 	(0,0,1)		0	 	0	 	345.379	 	2.67469
e-	 	(0,0,1)		0	 	0	 	356.336	 	2.77763
gamma	 	(0,1,0)		0	 	0	 	0	 	0
gamma	 	(0,1,0)		0	 	0	 	0	 	0
e-	 	(0,0,-1)		358.096	 	1.18741	 	0	 	0
gamma	 	(0,1,0)		0	 	0	 	0	 	0
gamma	 	(0,1,0)		0	 	0	 	0	 	0
gamma	 	(0,1,0)		0	 	0	 	0	 	0
gamma	 	(0,1,0)		0	 	0	 	0	 	0
e-	 	(0,0,1)		0	 	0	 	358.937	 	1.04578
gamma	 	(0,1,0)		0	 	0	 	0	 	0
gamma	 	(0,1,0)		0	 	0	 	0	 	0
gamma	 	(0,1,0)		0	 	0	 	0	 	0
gamma	 	(0,1,0)		0	 	0	 	0	 	0
gamma	 	(0,1,0)		0	 	0	 	0	 	0
gamma	 	(0,1,0)		0	 	0	 	0	 	0
gamma	 	(0,1,0)		0	 	0	 	0	 	0
e-	 	(0,0,-1)		357.922	 	1.23071	 	0	 	0
gamma	 	(0,1,0)		0	 	0	 	0	 	0
e-	 	(0,0,1)		0	 	0	 	381.799	 	2.36298
gamma	 	(0,1,0)		0	 	0	 	0	 	0
e-	 	(0,0,-1)		359.743	 	0.795474	 	0	 	0
e-	 	(0,0,-1)		383.131	 	1.3434	 	0	 	0
gamma	 	(0,1,0)		0	 	0	 	0	 	0
gamma	 	(0,1,0)		0	 	0	 	0	 	0
gamma	 	(0,1,0)		0	 	0	 	0	 	0
gamma	 	(0,1,0)		0	 	0	 	0	 	0
e-	 	(0,0,1)		0	 	0	 	382.404	 	1.25406
e-	 	(0,0,1)		0	 	0	 	350.255	 	2.31837
gamma	 	(0,1,0)		0	 	0	 	0	 	0
gamma	 	(0,1,0)		0	 	0	 	0	 	0
gamma	 	(0,1,0)		0	 	0	 	0	 	0
gamma	 	(0,1,0)		0	 	0	 	0	 	0
gamma	 	(0,1,0)		0	 	0	 	0	 	0
gamma	 	(0,1,0)		0	 	0	 	0	 	0
gamma	 	(0,1,0)		0	 	0	 	0	 	0
Total number of simulated events during this run: 100
Particle species 	 Momentum Direction 	 Energy Deposited (keV): East Scint 	 East MWPC 	 West Scint 	 West MWPC 
gamma	 	(0,1,0)		0	 	0	 	0	 	0
e-	 	(0,0,-1)		357.689	 	1.50476	 	0	 	0
gamma	 	(0,1,0)		0	 	0	 	0	 	0
e-	 	(0,0,1)		0	 	0	 	382.874	 	1.40648
gamma	 	(0,1,0)		0	 	0	 	0	 	0
e-	 	(0,0,1)		0	 	0	 	357.065	 	3.04474
gamma	 	(0,1,0)		0	 	0	 	0	 	0
gamma	 	(0,1,0)		0	 	0	 	0	 	0
gamma	 	(0,1,0)		0	 	0	 	0	 	0
gamma	 	(0,1,0)		0	 	0	 	0	 	0
gamma	 	(0,1,0)		0	 	0	 	0	 	0
e-	 	(0,0,-1)		383.031	 	1.51042	 	0	 	0
gamma	 	(0,1,0)		0	 	0	 	0	 	0
e-	 	(0,0,1)		0	 	0	 	346.572	 	1.4884
gamma	 	(0,1,0)		0	 	0	 	0	 	0
e-	 	(0,0,-1)		358.284	 	0.986691	 	0	 	0
gamma	 	(0,1,0)		0	 	0	 	0	 	0
gamma	 	(0,1,0)		0	 	0	 	0	 	0
gamma	 	(0,1,0)		0	 	0	 	0	 	0
gamma	 	(0,1,0)		0	 	0	 	0	 	0
e-	 	(0,0,1)		0	 	0	 	359.97	 	0.822866
gamma	 	(0,1,0)		0	 	0	 	0	 	0
gamma	 	(0,1,0)		0	 	0	 	0	 	0
e-	 	(0,0,1)		0	 	0	 	350.521	 	1.77565
gamma	 	(0,1,0)		0	 	0	 	0	 	0
gamma	 	(0,1,0)		0	 	0	 	0	 	0
gamma	 	(0,1,0)		0	 	0	 	0	 	0
e-	 	(0,0,-1)		130.889	 	12.7927	 	0	 	0
gamma	 	(0,1,0)		0	 	0	 	0	 	0
gamma	 	(0,1,0)		0	 	0	 	0	 	0
gamma	 	(0,1,0)		0	 	0	 	0	 	0
e-	 	(0,0,1)		0	 	0	 	358.772	 	1.06562
gamma	 	(0,1,0)		0	 	0	 	0	 	0
gamma	 	(0,1,0)		0	 	0	 	0	 	0
e-	 	(0,0,1)		0	 	0	 	358.582	 	1.30332
gamma	 	(0,1,0)		0	 	0	 	0	 	0
gamma	 	(0,1,0)		0	 	0	 	0	 	0
gamma	 	(0,1,0)		0	 	0	 	0	 	0
e-	 	(0,0,1)		0	 	0	 	357.379	 	2.08409
e-	 	(0,0,1)		0	 	0	 	355.938	 	0.801174
e-	 	(0,0,-1)		357.646	 	1.50221	 	0	 	0
gamma	 	(0,1,0)		0	 	0	 	0	 	0
e-	 	(0,0,1)		0	 	0	 	358.156	 	0.761075
gamma	 	(0,1,0)		0	 	0	 	0	 	0
gamma	 	(0,1,0)		0	 	0	 	0	 	0
gamma	 	(0,1,0)		0	 	0	 	0	 	0
e-	 	(0,0,-1)		357.891	 	1.57249	 	0	 	0
e-	 	(0,0,1)		0	 	0	 	354.638	 	1.30534
gamma	 	(0,1,0)		0	 	0	 	0	 	0
gamma	 	(0,1,0)		0	 	0	 	0	 	0
gamma	 	(0,1,0)		0	 	0	 	0	 	0
gamma	 	(0,1,0)		0	 	0	 	0	 	0
gamma	 	(0,1,0)		0	 	0	 	0	 	0
gamma	 	(0,1,0)		0	 	0	 	0	 	0
gamma	 	(0,1,0)		0	 	0	 	0	 	0
gamma	 	(0,1,0)		0	 	0	 	0	 	0
e-	 	(0,0,-1)		355.159	 	5.19783	 	0	 	0
gamma	 	(0,1,0)		0	 	0	 	0	 	0
e-	 	(0,0,-1)		357.211	 	1.08123	 	0	 	0
e-	 	(0,0,1)		0	 	0	 	188.11	 	4.54693
gamma	 	(0,1,0)		0	 	0	 	0	 	0
gamma	 	(0,1,0)		0	 	0	 	0	 	0
e-	 	(0,0,-1)		359.38	 	0.525515	 	0	 	0
gamma	 	(0,1,0)		0	 	0	 	0	 	0
e-	 	(0,0,-1)		357.13	 	1.30147	 	0	 	0
gamma	 	(0,1,0)		0	 	0	 	0	 	0
e-	 	(0,0,1)		0	 	0	 	379.992	 	1.11805
gamma	 	(0,1,0)		0	 	0	 	0	 	0
e-	 	(0,0,-1)		357.023	 	1.50277	 	0	 	0
e-	 	(0,0,-1)		358.827	 	1.32511	 	0	 	0
gamma	 	(0,1,0)		0	 	0	 	0	 	0
gamma	 	(0,1,0)		0	 	0	 	0	 	0
gamma	 	(0,1,0)		0	 	0	 	0	 	0
e-	 	(0,0,1)		0	 	0	 	357.654	 	2.15516
gamma	 	(0,1,0)		0	 	0	 	0	 	0
gamma	 	(0,1,0)		0	 	0	 	0	 	0
gamma	 	(0,1,0)		0	 	0	 	0	 	0
gamma	 	(0,1,0)		0	 	0	 	0	 	0
gamma	 	(0,1,0)		0	 	0	 	0	 	0
e-	 	(0,0,-1)		357.591	 	1.84561	 	0	 	0
gamma	 	(0,1,0)		0	 	0	 	0	 	0
gamma	 	(0,1,0)		0	 	0	 	0	 	0
e-	 	(0,0,-1)		383.278	 	1.16118	 	0	 	0
e-	 	(0,0,-1)		381.703	 	1.92628	 	0	 	0
e-	 	(0,0,1)		0	 	0	 	359.43	 	1.55937
gamma	 	(0,1,0)		0	 	0	 	0	 	0
gamma	 	(0,1,0)		0	 	0	 	0	 	0
gamma	 	(0,1,0)		0	 	0	 	0	 	0
gamma	 	(0,1,0)		0	 	0	 	0	 	0
gamma	 	(0,1,0)		0	 	0	 	0	 	0
gamma	 	(0,1,0)		0	 	0	 	0	 	0
gamma	 	(0,1,0)		0	 	0	 	0	 	0
gamma	 	(0,1,0)		0	 	0	 	0	 	0
gamma	 	(0,1,0)		0	 	0	 	0	 	0
e-	 	(0,0,1)		0	 	0	 	0	 	2.82246
gamma	 	(0,1,0)		0	 	0	 	0	 	0
gamma	 	(0,1,0)		0	 	0	 	0	 	0
e-	 	(0,0,-1)		356.117	 	3.62384	 	0	 	0
gamma	 	(0,1,0)		0	 	0	 	0	 	0
gamma	 	(0,1,0)		0	 	0	 	0	 	0
Total number of simulated events during this run: 100
Particle species 	 Momentum Direction 	 Energy Deposited (keV): East Scint 	 East MWPC 	 West Scint 	 West MWPC 
gamma	 	(0,1,0)		0	 	0	 	0	 	0
gamma	 	(0,1,0)		0	 	0	 	0	 	0
gamma	 	(0,1,0)		0	 	0	 	0	 	0
e-	 	(0,0,-1)		360.493	 	1.09906	 	0	 	0
gamma	 	(0,1,0)		0	 	0	 	0	 	0
e-	 	(0,0,1)		0	 	0	 	382.573	 	0.968209
gamma	 	(0,1,0)		0	 	0	 	0	 	0
e-	 	(0,0,1)		0	 	0	 	346.931	 	13.2436
gamma	 	(0,1,0)		0	 	0	 	0	 	0
gamma	 	(0,1,0)		0	 	0	 	0	 	0
gamma	 	(0,1,0)		0	 	0	 	0	 	0
gamma	 	(0,1,0)		0	 	0	 	0	 	0
gamma	 	(0,1,0)		0	 	0	 	0	 	0
gamma	 	(0,1,0)		0	 	0	 	0	 	0
gamma	 	(0,1,0)		0	 	0	 	0	 	0
gamma	 	(0,1,0)		0	 	0	 	0	 	0
gamma	 	(0,1,0)		0	 	0	 	0	 	0
gamma	 	(0,1,0)		0	 	0	 	0	 	0
gamma	 	(0,1,0)		0	 	0	 	0	 	0
gamma	 	(0,1,0)		0	 	0	 	0	 	0
gamma	 	(0,1,0)		0	 	0	 	0	 	0
e-	 	(0,0,-1)		383.253	 	0.535063	 	0	 	0
gamma	 	(0,1,0)		0	 	0	 	0	 	0
e-	 	(0,0,-1)		378.475	 	2.28515	 	0	 	0
gamma	 	(0,1,0)		0	 	0	 	0	 	0
gamma	 	(0,1,0)		0	 	0	 	0	 	0
gamma	 	(0,1,0)		0	 	0	 	0	 	0
e-	 	(0,0,1)		0	 	0	 	349.502	 	1.29454
e-	 	(0,0,1)		0	 	0	 	287.262	 	1.13701
e-	 	(0,0,-1)		356.486	 	2.33823	 	0	 	0
e-	 	(0,0,-1)		379.349	 	1.95395	 	0	 	0
gamma	 	(0,1,0)		0	 	0	 	0	 	0
gamma	 	(0,1,0)		0	 	0	 	0	 	0
gamma	 	(0,1,0)		0	 	0	 	0	 	0
gamma	 	(0,1,0)		0	 	0	 	0	 	0
gamma	 	(0,1,0)		0	 	0	 	0	 	0
gamma	 	(0,1,0)		0	 	0	 	0	 	0
gamma	 	(0,1,0)		0	 	0	 	0	 	0
gamma	 	(0,1,0)		0	 	0	 	0	 	0
gamma	 	(0,1,0)		0	 	0	 	0	 	0
gamma	 	(0,1,0)		0	 	0	 	0	 	0
gamma	 	(0,1,0)		0	 	0	 	0	 	0
gamma	 	(0,1,0)		0	 	0	 	0	 	0
gamma	 	(0,1,0)		0	 	0	 	0	 	0
e-	 	(0,0,1)		0	 	0	 	345.048	 	0.728767
gamma	 	(0,1,0)		0	 	0	 	0	 	0
e-	 	(0,0,-1)		358.46	 	1.51408	 	0	 	0
gamma	 	(0,1,0)		0	 	0	 	0	 	0
gamma	 	(0,1,0)		0	 	0	 	0	 	0
gamma	 	(0,1,0)		0	 	0	 	0	 	0
e-	 	(0,0,1)		0	 	0	 	358.138	 	1.46592
gamma	 	(0,1,0)		0	 	0	 	0	 	0
gamma	 	(0,1,0)		0	 	0	 	0	 	0
e-	 	(0,0,-1)		329.896	 	1.08137	 	0	 	0
gamma	 	(0,1,0)		0	 	0	 	0	 	0
gamma	 	(0,1,0)		0	 	0	 	0	 	0
e-	 	(0,0,-1)		352.697	 	1.47649	 	0	 	0
e-	 	(0,0,1)		0	 	0	 	355.996	 	1.09209
gamma	 	(0,1,0)		0	 	0	 	0	 	0
e-	 	(0,0,1)		0	 	0	 	356.49	 	2.3731
gamma	 	(0,1,0)		0	 	0	 	0	 	0
gamma	 	(0,1,0)		0	 	0	 	0	 	0
gamma	 	(0,1,0)		0	 	0	 	0	 	0
gamma	 	(0,1,0)		0	 	0	 	0	 	0
gamma	 	(0,1,0)		0	 	0	 	0	 	0
gamma	 	(0,1,0)		0	 	0	 	0	 	0
gamma	 	(0,1,0)		0	 	0	 	0	 	0
gamma	 	(0,1,0)		0	 	0	 	0	 	0
e-	 	(0,0,1)		0	 	0	 	356.96	 	1.83313
gamma	 	(0,1,0)		0	 	0	 	0	 	0
gamma	 	(0,1,0)		0	 	0	 	0	 	0
e-	 	(0,0,-1)		382.596	 	1.5583	 	0	 	0
gamma	 	(0,1,0)		0	 	0	 	0	 	0
gamma	 	(0,1,0)		0	 	0	 	0	 	0
gamma	 	(0,1,0)		0	 	0	 	0	 	0
e-	 	(0,0,1)		0	 	0	 	382.834	 	0.994179
gamma	 	(0,1,0)		0	 	0	 	0	 	0
gamma	 	(0,1,0)		0	 	0	 	0	 	0
gamma	 	(0,1,0)		0	 	0	 	0	 	0
gamma	 	(0,1,0)		0	 	0	 	0	 	0
gamma	 	(0,1,0)		0	 	0	 	0	 	0
e-	 	(0,0,1)		0	 	0	 	382.612	 	0.811108
e-	 	(0,0,1)		0	 	0	 	344.948	 	13.3577
e-	 	(0,0,-1)		358.7	 	1.34288	 	0	 	0
e-	 	(0,0,-1)		357.222	 	2.13518	 	0	 	0
gamma	 	(0,1,0)		0	 	0	 	0	 	0
gamma	 	(0,1,0)		0	 	0	 	0	 	0
e-	 	(0,0,-1)		355.99	 	3.56783	 	0	 	0
e-	 	(0,0,1)		0	 	0	 	382.104	 	1.0827
gamma	 	(0,1,0)		0	 	0	 	0	 	0
gamma	 	(0,1,0)		0	 	0	 	0	 	0
gamma	 	(0,1,0)		0	 	0	 	0	 	0
gamma	 	(0,1,0)		0	 	0	 	0	 	0
gamma	 	(0,1,0)		0	 	0	 	0	 	0
e-	 	(0,0,-1)		358.427	 	1.72278	 	0	 	0
e-	 	(0,0,1)		0	 	0	 	359.756	 	0.882652
gamma	 	(0,1,0)		0	 	0	 	0	 	0
gamma	 	(0,1,0)		0	 	0	 	0	 	0
e-	 	(0,0,1)		0	 	0	 	356.967	 	2.41553
e-	 	(0,0,-1)		359.158	 	0.918329	 	0	 	0
gamma	 	(0,1,0)		0	 	0	 	0	 	0
gamma	 	(0,1,0)		0	 	0	 	0	 	0
gamma	 	(0,1,0)		0	 	0	 	0	 	0
gamma	 	(0,1,0)		0	 	0	 	0	 	0
e-	 	(0,0,-1)		359.036	 	0.708985	 	0	 	0
gamma	 	(0,1,0)		0	 	0	 	0	 	0
gamma	 	(0,1,0)		0	 	0	 	0	 	0
e-	 	(0,0,-1)		382.466	 	0.625467	 	0	 	0
gamma	 	(0,1,0)		0	 	0	 	0	 	0
e-	 	(0,0,-1)		356.935	 	1.95549	 	0	 	0
gamma	 	(0,1,0)		0	 	0	 	0	 	0
gamma	 	(0,1,0)		0	 	0	 	0	 	0
e-	 	(0,0,-1)		358.679	 	0.936714	 	0	 	0
e-	 	(0,0,1)		0	 	0	 	358.494	 	1.98007
gamma	 	(0,1,0)		0	 	0	 	0	 	0
gamma	 	(0,1,0)		0	 	0	 	0	 	0
e-	 	(0,0,-1)		0	 	0	 	0	 	0
gamma	 	(0,1,0)		0	 	0	 	0	 	0
gamma	 	(0,1,0)		0	 	0	 	0	 	0
e-	 	(0,0,-1)		346.824	 	1.32202	 	0	 	0
gamma	 	(0,1,0)		0	 	0	 	0	 	0
gamma	 	(0,1,0)		0	 	0	 	0	 	0
gamma	 	(0,1,0)		0	 	0	 	0	 	0
gamma	 	(0,1,0)		0	 	0	 	0	 	0
gamma	 	(0,1,0)		0	 	0	 	0	 	0
e-	 	(0,0,1)		0	 	0	 	0	 	0
gamma	 	(0,1,0)		0	 	0	 	0	 	0
gamma	 	(0,1,0)		0	 	0	 	0	 	0
gamma	 	(0,1,0)		0	 	0	 	0	 	0
gamma	 	(0,1,0)		0	 	0	 	0	 	0
e-	 	(0,0,-1)		357.191	 	0.904675	 	0	 	0
gamma	 	(0,1,0)		0	 	0	 	0	 	0
gamma	 	(0,1,0)		0	 	0	 	0	 	0
gamma	 	(0,1,0)		0	 	0	 	0	 	0
gamma	 	(0,1,0)		0	 	0	 	0	 	0
gamma	 	(0,1,0)		0	 	0	 	0	 	0
gamma	 	(0,1,0)		0	 	0	 	0	 	0
gamma	 	(0,1,0)		0	 	0	 	0	 	0
gamma	 	(0,1,0)		0	 	0	 	0	 	0
gamma	 	(0,1,0)		0	 	0	 	0	 	0
gamma	 	(0,1,0)		0	 	0	 	0	 	0
gamma	 	(0,1,0)		0	 	0	 	0	 	0
gamma	 	(0,1,0)		0	 	0	 	0	 	0
e-	 	(0,0,1)		0	 	0	 	378.692	 	2.82545
e-	 	(0,0,1)		0	 	0	 	357.962	 	1.2393
gamma	 	(0,1,0)		0	 	0	 	0	 	0
gamma	 	(0,1,0)		0	 	0	 	0	 	0
e-	 	(0,0,1)		0	 	0	 	357.786	 	1.08867
gamma	 	(0,1,0)		0	 	0	 	0	 	0
gamma	 	(0,1,0)		0	 	0	 	0	 	0
gamma	 	(0,1,0)		0	 	0	 	0	 	0
e-	 	(0,0,-1)		358.901	 	0.691966	 	0	 	0
e-	 	(0,0,-1)		357.916	 	1.33356	 	0	 	0
e-	 	(0,0,-1)		358.488	 	1.37228	 	0	 	0
gamma	 	(0,1,0)		0	 	0	 	0	 	0
e-	 	(0,0,1)		0	 	0	 	358.44	 	1.93568
gamma	 	(0,1,0)		0	 	0	 	0	 	0
e-	 	(0,0,1)		0	 	0	 	357.413	 	1.48644
gamma	 	(0,1,0)		0	 	0	 	0	 	0
gamma	 	(0,1,0)		0	 	0	 	0	 	0
e-	 	(0,0,1)		0	 	0	 	359.264	 	0.938493
e-	 	(0,0,1)		0	 	0	 	354.023	 	1.98015
gamma	 	(0,1,0)		0	 	0	 	0	 	0
e-	 	(0,0,-1)		371.416	 	1.38819	 	0	 	0
gamma	 	(0,1,0)		0	 	0	 	0	 	0
gamma	 	(0,1,0)		0	 	0	 	0	 	0
gamma	 	(0,1,0)		0	 	0	 	0	 	0
e-	 	(0,0,-1)		359.394	 	1.23153	 	0	 	0
e-	 	(0,0,-1)		356.052	 	1.16708	 	0	 	0
gamma	 	(0,1,0)		0	 	0	 	0	 	0
e-	 	(0,0,1)		0	 	0	 	127.408	 	3.72182
gamma	 	(0,1,0)		0	 	0	 	0	 	0
gamma	 	(0,1,0)		0	 	0	 	0	 	0
gamma	 	(0,1,0)		0	 	0	 	0	 	0
gamma	 	(0,1,0)		0	 	0	 	0	 	0
gamma	 	(0,1,0)		0	 	0	 	0	 	0
gamma	 	(0,1,0)		0	 	0	 	0	 	0
gamma	 	(0,1,0)		0	 	0	 	0	 	0
e-	 	(0,0,1)		0	 	0	 	357.957	 	1.99699
e-	 	(0,0,-1)		380.181	 	2.16272	 	0	 	0
e-	 	(0,0,1)		0	 	0	 	355.984	 	0.968205
gamma	 	(0,1,0)		0	 	0	 	0	 	0
e-	 	(0,0,1)		0	 	0	 	0	 	0
e-	 	(0,0,1)		0	 	0	 	359.476	 	1.507
e-	 	(0,0,-1)		229.669	 	5.02142	 	0	 	0
gamma	 	(0,1,0)		0	 	0	 	0	 	0
e-	 	(0,0,-1)		356.663	 	1.27227	 	0	 	0
gamma	 	(0,1,0)		0	 	0	 	0	 	0
e-	 	(0,0,-1)		381.893	 	1.53373	 	0	 	0
e-	 	(0,0,1)		0	 	0	 	349.885	 	1.15434
gamma	 	(0,1,0)		0	 	0	 	0	 	0
gamma	 	(0,1,0)		0	 	0	 	0	 	0
gamma	 	(0,1,0)		0	 	0	 	0	 	0
gamma	 	(0,1,0)		0	 	0	 	0	 	0
gamma	 	(0,1,0)		0	 	0	 	0	 	0
gamma	 	(0,1,0)		0	 	0	 	0	 	0
gamma	 	(0,1,0)		0	 	0	 	0	 	0
gamma	 	(0,1,0)		0	 	0	 	0	 	0
gamma	 	(0,1,0)		0	 	0	 	0	 	0
gamma	 	(0,1,0)		0	 	0	 	0	 	0
e-	 	(0,0,-1)		359.698	 	1.32047	 	0	 	0
gamma	 	(0,1,0)		0	 	0	 	0	 	0
gamma	 	(0,1,0)		0	 	0	 	0	 	0
gamma	 	(0,1,0)		0	 	0	 	0	 	0
gamma	 	(0,1,0)		0	 	0	 	0	 	0
gamma	 	(0,1,0)		0	 	0	 	0	 	0
gamma	 	(0,1,0)		0	 	0	 	0	 	0
e-	 	(0,0,-1)		353.392	 	1.30811	 	0	 	0
e-	 	(0,0,-1)		358.09	 	1.80016	 	0	 	0
e-	 	(0,0,1)		0	 	0	 	359.379	 	1.31271
e-	 	(0,0,1)		0	 	0	 	359.652	 	1.2597
gamma	 	(0,1,0)		0	 	0	 	0	 	0
gamma	 	(0,1,0)		0	 	0	 	0	 	0
gamma	 	(0,1,0)		0	 	0	 	0	 	0
gamma	 	(0,1,0)		0	 	0	 	0	 	0
e-	 	(0,0,1)		0	 	0	 	382.286	 	0.926859
e-	 	(0,0,-1)		352.947	 	5.01539	 	0	 	0
gamma	 	(0,1,0)		0	 	0	 	0	 	0
gamma	 	(0,1,0)		0	 	0	 	0	 	0
e-	 	(0,0,-1)		343.573	 	1.2292	 	0	 	0
e-	 	(0,0,1)		0	 	0	 	359.97	 	0.92012
gamma	 	(0,1,0)		0	 	0	 	0	 	0
gamma	 	(0,1,0)		0	 	0	 	0	 	0
gamma	 	(0,1,0)		0	 	0	 	0	 	0
gamma	 	(0,1,0)		0	 	0	 	0	 	0
e-	 	(0,0,-1)		342.746	 	15.5515	 	0	 	0
e-	 	(0,0,1)		0	 	0	 	357.718	 	1.3439
e-	 	(0,0,-1)		344.83	 	1.7476	 	0	 	0
gamma	 	(0,1,0)		0	 	0	 	0	 	0
e-	 	(0,0,1)		0	 	0	 	381.794	 	0.815302
e-	 	(0,0,-1)		274.119	 	5.28949	 	0	 	0
gamma	 	(0,1,0)		0	 	0	 	0	 	0
gamma	 	(0,1,0)		0	 	0	 	0	 	0
gamma	 	(0,1,0)		0	 	0	 	0	 	0
gamma	 	(0,1,0)		0	 	0	 	0	 	0
gamma	 	(0,1,0)		0	 	0	 	0	 	0
gamma	 	(0,1,0)		0	 	0	 	0	 	0
gamma	 	(0,1,0)		0	 	0	 	0	 	0
gamma	 	(0,1,0)		0	 	0	 	0	 	0
gamma	 	(0,1,0)		0	 	0	 	0	 	0
gamma	 	(0,1,0)		0	 	0	 	0	 	0
gamma	 	(0,1,0)		0	 	0	 	0	 	0
e-	 	(0,0,-1)		357.487	 	1.70198	 	0	 	0
gamma	 	(0,1,0)		0	 	0	 	0	 	0
e-	 	(0,0,-1)		345.997	 	1.17878	 	0	 	0
gamma	 	(0,1,0)		0	 	0	 	0	 	0
gamma	 	(0,1,0)		0	 	0	 	0	 	0
gamma	 	(0,1,0)		0	 	0	 	0	 	0
gamma	 	(0,1,0)		0	 	0	 	0	 	0
e-	 	(0,0,-1)		358.747	 	0.853507	 	0	 	0
gamma	 	(0,1,0)		0	 	0	 	0	 	0
e-	 	(0,0,-1)		358.847	 	1.31559	 	0	 	0
gamma	 	(0,1,0)		0	 	0	 	0	 	0
e-	 	(0,0,-1)		0	 	8.37306	 	0	 	0
e-	 	(0,0,1)		0	 	0	 	379.453	 	3.81451
gamma	 	(0,1,0)		0	 	0	 	0	 	0
gamma	 	(0,1,0)		0	 	0	 	0	 	0
gamma	 	(0,1,0)		0	 	0	 	0	 	0
gamma	 	(0,1,0)		0	 	0	 	0	 	0
gamma	 	(0,1,0)		0	 	0	 	0	 	0
gamma	 	(0,1,0)		0	 	0	 	0	 	0
gamma	 	(0,1,0)		0	 	0	 	0	 	0
gamma	 	(0,1,0)		0	 	0	 	0	 	0
e-	 	(0,0,-1)		0	 	0	 	0	 	0
e-	 	(0,0,-1)		359.247	 	1.53628	 	0	 	0
e-	 	(0,0,1)		0	 	0	 	382.331	 	1.47431
gamma	 	(0,1,0)		0	 	0	 	0	 	0
gamma	 	(0,1,0)		0	 	0	 	0	 	0
gamma	 	(0,1,0)		0	 	0	 	0	 	0
gamma	 	(0,1,0)		0	 	0	 	0	 	0
gamma	 	(0,1,0)		0	 	0	 	0	 	0
e-	 	(0,0,-1)		359.671	 	0.727228	 	0	 	0
gamma	 	(0,1,0)		0	 	0	 	0	 	0
e-	 	(0,0,-1)		381.854	 	0.666386	 	0	 	0
gamma	 	(0,1,0)		0	 	0	 	0	 	0
gamma	 	(0,1,0)		0	 	0	 	0	 	0
gamma	 	(0,1,0)		0	 	0	 	0	 	0
e-	 	(0,0,-1)		353.95	 	0.989182	 	0	 	0
e-	 	(0,0,1)		0	 	0	 	212.513	 	11.0806
gamma	 	(0,1,0)		0	 	0	 	0	 	0
gamma	 	(0,1,0)		0	 	0	 	0	 	0
gamma	 	(0,1,0)		0	 	0	 	0	 	0
e-	 	(0,0,1)		0	 	0	 	382.153	 	1.26496
gamma	 	(0,1,0)		0	 	0	 	0	 	0
e-	 	(0,0,-1)		347.256	 	1.43368	 	0	 	0
e-	 	(0,0,1)		0	 	0	 	349.947	 	6.30933
gamma	 	(0,1,0)		0	 	0	 	0	 	0
gamma	 	(0,1,0)		0	 	0	 	0	 	0
gamma	 	(0,1,0)		0	 	0	 	0	 	0
gamma	 	(0,1,0)		0	 	0	 	0	 	0
gamma	 	(0,1,0)		0	 	0	 	0	 	0
gamma	 	(0,1,0)		0	 	0	 	0	 	0
gamma	 	(0,1,0)		0	 	0	 	0	 	0
gamma	 	(0,1,0)		0	 	0	 	0	 	0
e-	 	(0,0,-1)		358.484	 	1.17167	 	0	 	0
e-	 	(0,0,1)		0	 	0	 	359.096	 	1.18811
gamma	 	(0,1,0)		0	 	0	 	0	 	0
e-	 	(0,0,1)		0	 	0	 	357.409	 	2.37172
e-	 	(0,0,1)		0	 	0	 	358.854	 	0.959804
gamma	 	(0,1,0)		0	 	0	 	0	 	0
gamma	 	(0,1,0)		0	 	0	 	0	 	0
e-	 	(0,0,-1)		381.908	 	0.983819	 	0	 	0
gamma	 	(0,1,0)		0	 	0	 	0	 	0
e-	 	(0,0,1)		0	 	0	 	359.124	 	0.978173
e-	 	(0,0,1)		0	 	0	 	358.144	 	1.08773
e-	 	(0,0,1)		0	 	0	 	356.889	 	1.42658
e-	 	(0,0,-1)		383.241	 	0.662812	 	0	 	0
e-	 	(0,0,-1)		356.14	 	2.09993	 	0	 	0
gamma	 	(0,1,0)		0	 	0	 	0	 	0
e-	 	(0,0,-1)		360.692	 	0.823432	 	0	 	0
e-	 	(0,0,-1)		380.273	 	6.77468	 	0	 	0
e-	 	(0,0,-1)		323.31	 	0.924379	 	0	 	0
e-	 	(0,0,-1)		352.479	 	5.09393	 	0	 	0
e-	 	(0,0,1)		0	 	0	 	358.523	 	1.31542
gamma	 	(0,1,0)		0	 	0	 	0	 	0
gamma	 	(0,1,0)		0	 	0	 	0	 	0
e-	 	(0,0,-1)		336.134	 	4.82867	 	0	 	0
gamma	 	(0,1,0)		0	 	0	 	0	 	0
e-	 	(0,0,1)		0	 	0	 	357.065	 	1.5162
gamma	 	(0,1,0)		0	 	0	 	0	 	0
e-	 	(0,0,1)		0	 	0	 	359.093	 	0.872985
gamma	 	(0,1,0)		0	 	0	 	0	 	0
gamma	 	(0,1,0)		0	 	0	 	0	 	0
e-	 	(0,0,-1)		367.599	 	1.21949	 	0	 	0
gamma	 	(0,1,0)		0	 	0	 	0	 	0
gamma	 	(0,1,0)		0	 	0	 	0	 	0
gamma	 	(0,1,0)		0	 	0	 	0	 	0
gamma	 	(0,1,0)		0	 	0	 	0	 	0
gamma	 	(0,1,0)		0	 	0	 	0	 	0
gamma	 	(0,1,0)		0	 	0	 	0	 	0
gamma	 	(0,1,0)		0	 	0	 	0	 	0
gamma	 	(0,1,0)		0	 	0	 	0	 	0
gamma	 	(0,1,0)		0	 	0	 	0	 	0
gamma	 	(0,1,0)		0	 	0	 	0	 	0
gamma	 	(0,1,0)		0	 	0	 	0	 	0
gamma	 	(0,1,0)		0	 	0	 	0	 	0
gamma	 	(0,1,0)		0	 	0	 	0	 	0
gamma	 	(0,1,0)		0	 	0	 	0	 	0
e-	 	(0,0,-1)		382.17	 	0.901657	 	0	 	0
e-	 	(0,0,-1)		199.171	 	4.90327	 	0	 	0
e-	 	(0,0,1)		0	 	0	 	359.768	 	0.771903
e-	 	(0,0,1)		0	 	0	 	382.12	 	1.6108
gamma	 	(0,1,0)		0	 	0	 	0	 	0
gamma	 	(0,1,0)		0	 	0	 	0	 	0
e-	 	(0,0,1)		0	 	0	 	322.926	 	3.03249
e-	 	(0,0,1)		0	 	0	 	357.597	 	3.05533
e-	 	(0,0,-1)		383.693	 	1.19456	 	0	 	0
e-	 	(0,0,-1)		358.7	 	1.53937	 	0	 	0
gamma	 	(0,1,0)		0	 	0	 	0	 	0
e-	 	(0,0,-1)		208.607	 	1.34158	 	0	 	0
gamma	 	(0,1,0)		0	 	0	 	0	 	0
gamma	 	(0,1,0)		0	 	0	 	0	 	0
gamma	 	(0,1,0)		0	 	0	 	0	 	0
gamma	 	(0,1,0)		0	 	0	 	0	 	0
gamma	 	(0,1,0)		0	 	0	 	0	 	0
e-	 	(0,0,1)		0	 	0	 	359.006	 	1.53088
gamma	 	(0,1,0)		0	 	0	 	0	 	0
gamma	 	(0,1,0)		0	 	0	 	0	 	0
gamma	 	(0,1,0)		0	 	0	 	0	 	0
gamma	 	(0,1,0)		0	 	0	 	0	 	0
e-	 	(0,0,1)		0	 	0	 	350.897	 	1.86461
gamma	 	(0,1,0)		0	 	0	 	0	 	0
e-	 	(0,0,-1)		382.438	 	0.754305	 	0	 	0
gamma	 	(0,1,0)		0	 	0	 	0	 	0
gamma	 	(0,1,0)		0	 	0	 	0	 	0
gamma	 	(0,1,0)		0	 	0	 	0	 	0
gamma	 	(0,1,0)		0	 	0	 	0	 	0
gamma	 	(0,1,0)		0	 	0	 	0	 	0
gamma	 	(0,1,0)		0	 	0	 	0	 	0
gamma	 	(0,1,0)		0	 	0	 	0	 	0
gamma	 	(0,1,0)		0	 	0	 	0	 	0
e-	 	(0,0,-1)		383.36	 	0.830385	 	0	 	0
gamma	 	(0,1,0)		0	 	0	 	0	 	0
e-	 	(0,0,1)		0	 	0	 	0	 	0
gamma	 	(0,1,0)		0	 	0	 	0	 	0
gamma	 	(0,1,0)		0	 	0	 	0	 	0
gamma	 	(0,1,0)		0	 	0	 	0	 	0
gamma	 	(0,1,0)		0	 	0	 	0	 	0
e-	 	(0,0,1)		0	 	0	 	356.68	 	1.56593
e-	 	(0,0,-1)		359.721	 	0.869907	 	0	 	0
gamma	 	(0,1,0)		0	 	0	 	0	 	0
e-	 	(0,0,-1)		355.442	 	1.31765	 	0	 	0
e-	 	(0,0,1)		0	 	0	 	360.309	 	0.915321
gamma	 	(0,1,0)		0	 	0	 	0	 	0
gamma	 	(0,1,0)		0	 	0	 	0	 	0
e-	 	(0,0,1)		0	 	0	 	350.337	 	1.09604
gamma	 	(0,1,0)		0	 	0	 	0	 	0
e-	 	(0,0,-1)		358.287	 	1.3052	 	0	 	0
gamma	 	(0,1,0)		0	 	0	 	0	 	0
e-	 	(0,0,-1)		357.901	 	1.38648	 	0	 	0
gamma	 	(0,1,0)		0	 	0	 	0	 	0
gamma	 	(0,1,0)		0	 	0	 	0	 	0
gamma	 	(0,1,0)		0	 	0	 	0	 	0
gamma	 	(0,1,0)		0	 	0	 	0	 	0
gamma	 	(0,1,0)		0	 	0	 	0	 	0
gamma	 	(0,1,0)		0	 	0	 	0	 	0
gamma	 	(0,1,0)		0	 	0	 	0	 	0
gamma	 	(0,1,0)		0	 	0	 	0	 	0
gamma	 	(0,1,0)		0	 	0	 	0	 	0
gamma	 	(0,1,0)		0	 	0	 	0	 	0
e-	 	(0,0,-1)		358.138	 	1.89434	 	0	 	0
e-	 	(0,0,-1)		353.138	 	1.29354	 	0	 	0
gamma	 	(0,1,0)		0	 	0	 	0	 	0
e-	 	(0,0,-1)		378.092	 	1.76482	 	0	 	0
gamma	 	(0,1,0)		0	 	0	 	0	 	0
gamma	 	(0,1,0)		0	 	0	 	0	 	0
gamma	 	(0,1,0)		0	 	0	 	0	 	0
e-	 	(0,0,1)		0	 	0	 	356.493	 	0.711269
gamma	 	(0,1,0)		0	 	0	 	0	 	0
e-	 	(0,0,1)		0	 	0	 	358.29	 	1.45828
gamma	 	(0,1,0)		0	 	0	 	0	 	0
e-	 	(0,0,1)		0	 	0	 	345.801	 	13.2287
gamma	 	(0,1,0)		0	 	0	 	0	 	0
gamma	 	(0,1,0)		0	 	0	 	0	 	0
gamma	 	(0,1,0)		0	 	0	 	0	 	0
e-	 	(0,0,-1)		357.309	 	1.70175	 	0	 	0
gamma	 	(0,1,0)		0	 	0	 	0	 	0
gamma	 	(0,1,0)		0	 	0	 	0	 	0
gamma	 	(0,1,0)		0	 	0	 	0	 	0
gamma	 	(0,1,0)		0	 	0	 	0	 	0
gamma	 	(0,1,0)		0	 	0	 	0	 	0
e-	 	(0,0,1)		0	 	0	 	353.693	 	6.72892
gamma	 	(0,1,0)		0	 	0	 	0	 	0
gamma	 	(0,1,0)		0	 	0	 	0	 	0
gamma	 	(0,1,0)		0	 	0	 	0	 	0
e-	 	(0,0,-1)		359.238	 	0.841075	 	0	 	0
e-	 	(0,0,-1)		345.901	 	14.4934	 	0	 	0
gamma	 	(0,1,0)		0	 	0	 	0	 	0
gamma	 	(0,1,0)		0	 	0	 	0	 	0
gamma	 	(0,1,0)		0	 	0	 	0	 	0
gamma	 	(0,1,0)		0	 	0	 	0	 	0
gamma	 	(0,1,0)		0	 	0	 	0	 	0
gamma	 	(0,1,0)		0	 	0	 	0	 	0
e-	 	(0,0,1)		0	 	0	 	355.116	 	0.888703
gamma	 	(0,1,0)		0	 	0	 	0	 	0
gamma	 	(0,1,0)		0	 	0	 	0	 	0
gamma	 	(0,1,0)		0	 	0	 	0	 	0
gamma	 	(0,1,0)		0	 	0	 	0	 	0
gamma	 	(0,1,0)		0	 	0	 	0	 	0
gamma	 	(0,1,0)		0	 	0	 	0	 	0
gamma	 	(0,1,0)		0	 	0	 	0	 	0
e-	 	(0,0,1)		0	 	0	 	356.327	 	3.17399
e-	 	(0,0,1)		0	 	0	 	359.388	 	0.864531
e-	 	(0,0,-1)		351.907	 	4.61018	 	0	 	0
gamma	 	(0,1,0)		0	 	0	 	0	 	0
e-	 	(0,0,1)		0	 	0	 	358.923	 	0.839118
gamma	 	(0,1,0)		0	 	0	 	0	 	0
e-	 	(0,0,-1)		360.616	 	1.1279	 	0	 	0
gamma	 	(0,1,0)		0	 	0	 	0	 	0
gamma	 	(0,1,0)		0	 	0	 	0	 	0
gamma	 	(0,1,0)		0	 	0	 	0	 	0
e-	 	(0,0,-1)		356.754	 	1.10022	 	0	 	0
e-	 	(0,0,1)		0	 	0	 	358.328	 	1.84814
e-	 	(0,0,1)		0	 	0	 	352.559	 	1.00088
gamma	 	(0,1,0)		0	 	0	 	0	 	0
e-	 	(0,0,1)		0	 	0	 	357.566	 	2.07835
e-	 	(0,0,1)		0	 	0	 	359.804	 	1.13441
gamma	 	(0,1,0)		0	 	0	 	0	 	0
gamma	 	(0,1,0)		0	 	0	 	0	 	0
gamma	 	(0,1,0)		0	 	0	 	0	 	0
gamma	 	(0,1,0)		0	 	0	 	0	 	0
gamma	 	(0,1,0)		0	 	0	 	0	 	0
gamma	 	(0,1,0)		0	 	0	 	0	 	0
gamma	 	(0,1,0)		0	 	0	 	0	 	0
gamma	 	(0,1,0)		0	 	0	 	0	 	0
e-	 	(0,0,-1)		358.361	 	0.837701	 	0	 	0
gamma	 	(0,1,0)		0	 	0	 	0	 	0
e-	 	(0,0,-1)		358.857	 	1.89592	 	0	 	0
gamma	 	(0,1,0)		0	 	0	 	0	 	0
gamma	 	(0,1,0)		0	 	0	 	0	 	0
e-	 	(0,0,-1)		358.039	 	1.49549	 	0	 	0
gamma	 	(0,1,0)		0	 	0	 	0	 	0
gamma	 	(0,1,0)		0	 	0	 	0	 	0
gamma	 	(0,1,0)		0	 	0	 	0	 	0
gamma	 	(0,1,0)		0	 	0	 	0	 	0
gamma	 	(0,1,0)		0	 	0	 	0	 	0
gamma	 	(0,1,0)		0	 	0	 	0	 	0
gamma	 	(0,1,0)		0	 	0	 	0	 	0
gamma	 	(0,1,0)		0	 	0	 	0	 	0
gamma	 	(0,1,0)		0	 	0	 	0	 	0
gamma	 	(0,1,0)		0	 	0	 	0	 	0
gamma	 	(0,1,0)		0	 	0	 	0	 	0
gamma	 	(0,1,0)		0	 	0	 	0	 	0
gamma	 	(0,1,0)		0	 	0	 	0	 	0
gamma	 	(0,1,0)		0	 	0	 	0	 	0
gamma	 	(0,1,0)		0	 	0	 	0	 	0
gamma	 	(0,1,0)		0	 	0	 	0	 	0
e-	 	(0,0,1)		0	 	0	 	358.113	 	2.53486
gamma	 	(0,1,0)		0	 	0	 	0	 	0
gamma	 	(0,1,0)		0	 	0	 	0	 	0
gamma	 	(0,1,0)		0	 	0	 	0	 	0
gamma	 	(0,1,0)		0	 	0	 	0	 	0
e-	 	(0,0,1)		0	 	0	 	374.345	 	1.48584
e-	 	(0,0,-1)		317.638	 	2.88195	 	0	 	0
e-	 	(0,0,-1)		358.011	 	1.32257	 	0	 	0
e-	 	(0,0,1)		0	 	0	 	357.12	 	2.84893
gamma	 	(0,1,0)		0	 	0	 	0	 	0
e-	 	(0,0,1)		0	 	0	 	359.264	 	1.91557
gamma	 	(0,1,0)		0	 	0	 	0	 	0
gamma	 	(0,1,0)		0	 	0	 	0	 	0
gamma	 	(0,1,0)		0	 	0	 	0	 	0
gamma	 	(0,1,0)		0	 	0	 	0	 	0
e-	 	(0,0,1)		0	 	0	 	356.544	 	0.983117
gamma	 	(0,1,0)		0	 	0	 	0	 	0
gamma	 	(0,1,0)		0	 	0	 	0	 	0
e-	 	(0,0,-1)		359.304	 	0.847068	 	0	 	0
gamma	 	(0,1,0)		0	 	0	 	0	 	0
e-	 	(0,0,1)		0	 	0	 	359.876	 	1.08652
gamma	 	(0,1,0)		0	 	0	 	0	 	0
gamma	 	(0,1,0)		0	 	0	 	0	 	0
gamma	 	(0,1,0)		0	 	0	 	0	 	0
e-	 	(0,0,-1)		386.003	 	1.09806	 	0	 	0
gamma	 	(0,1,0)		0	 	0	 	0	 	0
gamma	 	(0,1,0)		0	 	0	 	0	 	0
gamma	 	(0,1,0)		0	 	0	 	0	 	0
gamma	 	(0,1,0)		0	 	0	 	0	 	0
e-	 	(0,0,1)		0	 	0	 	356.662	 	1.57929
gamma	 	(0,1,0)		0	 	0	 	0	 	0
gamma	 	(0,1,0)		0	 	0	 	0	 	0
gamma	 	(0,1,0)		0	 	0	 	0	 	0
gamma	 	(0,1,0)		0	 	0	 	0	 	0
gamma	 	(0,1,0)		0	 	0	 	0	 	0
gamma	 	(0,1,0)		0	 	0	 	0	 	0
e-	 	(0,0,-1)		381.652	 	1.6354	 	0	 	0
gamma	 	(0,1,0)		0	 	0	 	0	 	0
gamma	 	(0,1,0)		0	 	0	 	0	 	0
e-	 	(0,0,1)		0	 	0	 	360.017	 	1.18328
e-	 	(0,0,1)		0	 	0	 	348.028	 	1.41417
gamma	 	(0,1,0)		0	 	0	 	0	 	0
gamma	 	(0,1,0)		0	 	0	 	0	 	0
gamma	 	(0,1,0)		0	 	0	 	0	 	0
gamma	 	(0,1,0)		0	 	0	 	0	 	0
e-	 	(0,0,1)		0	 	0	 	359.646	 	1.04586
gamma	 	(0,1,0)		0	 	0	 	0	 	0
gamma	 	(0,1,0)		0	 	0	 	0	 	0
gamma	 	(0,1,0)		0	 	0	 	0	 	0
gamma	 	(0,1,0)		0	 	0	 	0	 	0
gamma	 	(0,1,0)		0	 	0	 	0	 	0
e-	 	(0,0,-1)		382.845	 	1.30227	 	0	 	0
gamma	 	(0,1,0)		0	 	0	 	0	 	0
gamma	 	(0,1,0)		0	 	0	 	0	 	0
gamma	 	(0,1,0)		0	 	0	 	0	 	0
gamma	 	(0,1,0)		0	 	0	 	0	 	0
gamma	 	(0,1,0)		0	 	0	 	0	 	0
gamma	 	(0,1,0)		0	 	0	 	0	 	0
e-	 	(0,0,-1)		356.23	 	1.24505	 	0	 	0
e-	 	(0,0,-1)		357.658	 	1.64909	 	0	 	0
gamma	 	(0,1,0)		0	 	0	 	0	 	0
gamma	 	(0,1,0)		0	 	0	 	0	 	0
gamma	 	(0,1,0)		0	 	0	 	0	 	0
e-	 	(0,0,-1)		337.994	 	5.43354	 	0	 	0
gamma	 	(0,1,0)		0	 	0	 	0	 	0
e-	 	(0,0,-1)		357.357	 	1.13524	 	0	 	0
gamma	 	(0,1,0)		0	 	0	 	0	 	0
gamma	 	(0,1,0)		0	 	0	 	0	 	0
e-	 	(0,0,1)		0	 	0	 	358.435	 	1.10336
e-	 	(0,0,-1)		350.866	 	1.78056	 	0	 	0
gamma	 	(0,1,0)		0	 	0	 	0	 	0
gamma	 	(0,1,0)		0	 	0	 	0	 	0
e-	 	(0,0,1)		0	 	0	 	358.292	 	1.11682
gamma	 	(0,1,0)		0	 	0	 	0	 	0
e-	 	(0,0,-1)		356.377	 	1.93961	 	0	 	0
e-	 	(0,0,-1)		344.558	 	2.30003	 	0	 	0
gamma	 	(0,1,0)		0	 	0	 	0	 	0
e-	 	(0,0,-1)		381.954	 	1.89948	 	0	 	0
gamma	 	(0,1,0)		0	 	0	 	0	 	0
gamma	 	(0,1,0)		0	 	0	 	0	 	0
gamma	 	(0,1,0)		0	 	0	 	0	 	0
gamma	 	(0,1,0)		0	 	0	 	0	 	0
gamma	 	(0,1,0)		0	 	0	 	0	 	0
gamma	 	(0,1,0)		0	 	0	 	0	 	0
gamma	 	(0,1,0)		0	 	0	 	0	 	0
e-	 	(0,0,1)		0	 	0	 	355.671	 	1.42245
e-	 	(0,0,-1)		380.902	 	2.55825	 	0	 	0
e-	 	(0,0,-1)		358.162	 	1.17787	 	0	 	0
gamma	 	(0,1,0)		0	 	0	 	0	 	0
e-	 	(0,0,-1)		357.564	 	1.25124	 	0	 	0
e-	 	(0,0,1)		0	 	0	 	359.13	 	1.13161
e-	 	(0,0,-1)		349.609	 	1.08325	 	0	 	0
e-	 	(0,0,1)		0	 	0	 	372.546	 	2.01278
e-	 	(0,0,1)		0	 	0	 	351.886	 	2.93468
e-	 	(0,0,-1)		351.279	 	1.41362	 	0	 	0
gamma	 	(0,1,0)		0	 	0	 	0	 	0
gamma	 	(0,1,0)		0	 	0	 	0	 	0
gamma	 	(0,1,0)		0	 	0	 	0	 	0
gamma	 	(0,1,0)		0	 	0	 	0	 	0
gamma	 	(0,1,0)		0	 	0	 	0	 	0
gamma	 	(0,1,0)		0	 	0	 	0	 	0
e-	 	(0,0,1)		0	 	0	 	349.428	 	4.06365
gamma	 	(0,1,0)		0	 	0	 	0	 	0
e-	 	(0,0,-1)		9.46586	 	3.29367	 	0	 	0
gamma	 	(0,1,0)		0	 	0	 	0	 	0
e-	 	(0,0,-1)		358.474	 	1.53518	 	0	 	0
e-	 	(0,0,1)		0	 	0	 	357.833	 	1.79628
e-	 	(0,0,1)		0	 	0	 	230.881	 	5.06587
e-	 	(0,0,-1)		0	 	0	 	0	 	0
e-	 	(0,0,-1)		381.172	 	0.916633	 	0	 	0
gamma	 	(0,1,0)		0	 	0	 	0	 	0
e-	 	(0,0,1)		0	 	0	 	357.927	 	1.06934
gamma	 	(0,1,0)		0	 	0	 	0	 	0
e-	 	(0,0,1)		0	 	0	 	331.623	 	7.7418
gamma	 	(0,1,0)		0	 	0	 	0	 	0
gamma	 	(0,1,0)		0	 	0	 	0	 	0
gamma	 	(0,1,0)		0	 	0	 	0	 	0
gamma	 	(0,1,0)		0	 	0	 	0	 	0
gamma	 	(0,1,0)		0	 	0	 	0	 	0
e-	 	(0,0,1)		0	 	0	 	358.733	 	1.02706
e-	 	(0,0,-1)		381.885	 	2.1903	 	0	 	0
e-	 	(0,0,1)		0	 	0	 	381.846	 	2.51307
e-	 	(0,0,1)		0	 	0	 	358.361	 	1.49419
e-	 	(0,0,1)		0	 	0	 	356.655	 	0.984573
e-	 	(0,0,1)		0	 	0	 	349.467	 	2.3346
gamma	 	(0,1,0)		0	 	0	 	0	 	0
gamma	 	(0,1,0)		0	 	0	 	0	 	0
gamma	 	(0,1,0)		0	 	0	 	0	 	0
e-	 	(0,0,1)		0	 	0	 	357.787	 	1.43503
e-	 	(0,0,1)		0	 	0	 	357.676	 	1.48105
e-	 	(0,0,1)		0	 	0	 	358.361	 	1.61231
e-	 	(0,0,1)		0	 	0	 	381.491	 	1.99911
gamma	 	(0,1,0)		0	 	0	 	0	 	0
e-	 	(0,0,-1)		357.172	 	1.8258	 	0	 	0
e-	 	(0,0,1)		0	 	0	 	356.544	 	2.91801
e-	 	(0,0,-1)		357.407	 	2.08991	 	0	 	0
e-	 	(0,0,-1)		359.971	 	0.79232	 	0	 	0
e-	 	(0,0,-1)		359.098	 	1.40114	 	0	 	0
gamma	 	(0,1,0)		0	 	0	 	0	 	0
gamma	 	(0,1,0)		0	 	0	 	0	 	0
e-	 	(0,0,-1)		350.429	 	1.87958	 	0	 	0
e-	 	(0,0,-1)		359.216	 	1.43801	 	0	 	0
gamma	 	(0,1,0)		0	 	0	 	0	 	0
e-	 	(0,0,-1)		358.16	 	1.63071	 	0	 	0
gamma	 	(0,1,0)		0	 	0	 	0	 	0
gamma	 	(0,1,0)		0	 	0	 	0	 	0
gamma	 	(0,1,0)		0	 	0	 	0	 	0
e-	 	(0,0,-1)		358.577	 	0.851416	 	0	 	0
e-	 	(0,0,1)		0	 	0	 	357.029	 	2.14694
gamma	 	(0,1,0)		0	 	0	 	0	 	0
gamma	 	(0,1,0)		0	 	0	 	0	 	0
gamma	 	(0,1,0)		0	 	0	 	0	 	0
gamma	 	(0,1,0)		0	 	0	 	0	 	0
gamma	 	(0,1,0)		0	 	0	 	0	 	0
gamma	 	(0,1,0)		0	 	0	 	0	 	0
gamma	 	(0,1,0)		0	 	0	 	0	 	0
gamma	 	(0,1,0)		0	 	0	 	0	 	0
e-	 	(0,0,1)		0	 	0	 	356.134	 	1.85718
e-	 	(0,0,-1)		358.96	 	0.940568	 	0	 	0
gamma	 	(0,1,0)		0	 	0	 	0	 	0
gamma	 	(0,1,0)		0	 	0	 	0	 	0
e-	 	(0,0,-1)		357.373	 	1.18226	 	0	 	0
gamma	 	(0,1,0)		0	 	0	 	0	 	0
e-	 	(0,0,-1)		356.575	 	1.813	 	0	 	0
gamma	 	(0,1,0)		0	 	0	 	0	 	0
gamma	 	(0,1,0)		0	 	0	 	0	 	0
gamma	 	(0,1,0)		0	 	0	 	0	 	0
gamma	 	(0,1,0)		0	 	0	 	0	 	0
gamma	 	(0,1,0)		0	 	0	 	0	 	0
gamma	 	(0,1,0)		0	 	0	 	0	 	0
e-	 	(0,0,-1)		357.736	 	1.41941	 	0	 	0
e-	 	(0,0,-1)		358.319	 	1.28917	 	0	 	0
e-	 	(0,0,-1)		354.564	 	2.58751	 	0	 	0
e-	 	(0,0,-1)		353.451	 	0.89878	 	0	 	0
e-	 	(0,0,1)		0	 	0	 	357.644	 	0.962022
gamma	 	(0,1,0)		0	 	0	 	0	 	0
gamma	 	(0,1,0)		0	 	0	 	0	 	0
e-	 	(0,0,-1)		376.996	 	1.03492	 	0	 	0
e-	 	(0,0,1)		0	 	0	 	117.438	 	3.42963
gamma	 	(0,1,0)		0	 	0	 	0	 	0
gamma	 	(0,1,0)		0	 	0	 	0	 	0
gamma	 	(0,1,0)		0	 	0	 	0	 	0
gamma	 	(0,1,0)		0	 	0	 	0	 	0
gamma	 	(0,1,0)		0	 	0	 	0	 	0
gamma	 	(0,1,0)		0	 	0	 	0	 	0
gamma	 	(0,1,0)		0	 	0	 	0	 	0
gamma	 	(0,1,0)		0	 	0	 	0	 	0
gamma	 	(0,1,0)		0	 	0	 	0	 	0
e-	 	(0,0,-1)		356.952	 	1.26543	 	0	 	0
gamma	 	(0,1,0)		0	 	0	 	0	 	0
gamma	 	(0,1,0)		0	 	0	 	0	 	0
gamma	 	(0,1,0)		0	 	0	 	0	 	0
e-	 	(0,0,-1)		0	 	5.63125	 	0	 	0
e-	 	(0,0,-1)		351.295	 	1.34467	 	0	 	0
e-	 	(0,0,-1)		352.275	 	1.30627	 	0	 	0
gamma	 	(0,1,0)		0	 	0	 	0	 	0
gamma	 	(0,1,0)		0	 	0	 	0	 	0
gamma	 	(0,1,0)		0	 	0	 	0	 	0
gamma	 	(0,1,0)		0	 	0	 	0	 	0
gamma	 	(0,1,0)		0	 	0	 	0	 	0
gamma	 	(0,1,0)		0	 	0	 	0	 	0
gamma	 	(0,1,0)		0	 	0	 	0	 	0
e-	 	(0,0,-1)		358.242	 	1.21407	 	0	 	0
gamma	 	(0,1,0)		0	 	0	 	0	 	0
gamma	 	(0,1,0)		0	 	0	 	0	 	0
gamma	 	(0,1,0)		0	 	0	 	0	 	0
gamma	 	(0,1,0)		0	 	0	 	0	 	0
gamma	 	(0,1,0)		0	 	0	 	0	 	0
gamma	 	(0,1,0)		0	 	0	 	0	 	0
gamma	 	(0,1,0)		0	 	0	 	0	 	0
gamma	 	(0,1,0)		0	 	0	 	0	 	0
e-	 	(0,0,-1)		380.255	 	1.33927	 	0	 	0
gamma	 	(0,1,0)		0	 	0	 	0	 	0
e-	 	(0,0,1)		0	 	0	 	358.929	 	1.10638
gamma	 	(0,1,0)		0	 	0	 	0	 	0
e-	 	(0,0,1)		0	 	0	 	347.816	 	6.67478
gamma	 	(0,1,0)		0	 	0	 	0	 	0
gamma	 	(0,1,0)		0	 	0	 	0	 	0
gamma	 	(0,1,0)		0	 	0	 	0	 	0
e-	 	(0,0,1)		0	 	0	 	357.465	 	2.14884
gamma	 	(0,1,0)		0	 	0	 	0	 	0
gamma	 	(0,1,0)		0	 	0	 	0	 	0
e-	 	(0,0,1)		0	 	0	 	358.267	 	1.32434
gamma	 	(0,1,0)		0	 	0	 	0	 	0
gamma	 	(0,1,0)		0	 	0	 	0	 	0
e-	 	(0,0,1)		0	 	0	 	360.885	 	0.425497
gamma	 	(0,1,0)		0	 	0	 	0	 	0
gamma	 	(0,1,0)		0	 	0	 	0	 	0
gamma	 	(0,1,0)		0	 	0	 	0	 	0
gamma	 	(0,1,0)		0	 	0	 	0	 	0
gamma	 	(0,1,0)		0	 	0	 	0	 	0
e-	 	(0,0,-1)		345.985	 	0.819406	 	0	 	0
gamma	 	(0,1,0)		0	 	0	 	0	 	0
gamma	 	(0,1,0)		0	 	0	 	0	 	0
e-	 	(0,0,-1)		358.074	 	1.14396	 	0	 	0
gamma	 	(0,1,0)		0	 	0	 	0	 	0
e-	 	(0,0,-1)		376.058	 	0.81914	 	0	 	0
gamma	 	(0,1,0)		0	 	0	 	0	 	0
gamma	 	(0,1,0)		0	 	0	 	0	 	0
gamma	 	(0,1,0)		0	 	0	 	0	 	0
gamma	 	(0,1,0)		0	 	0	 	0	 	0
e-	 	(0,0,-1)		356.185	 	1.53357	 	0	 	0
gamma	 	(0,1,0)		0	 	0	 	0	 	0
gamma	 	(0,1,0)		0	 	0	 	0	 	0
e-	 	(0,0,1)		0	 	0	 	352.35	 	1.90519
gamma	 	(0,1,0)		0	 	0	 	0	 	0
gamma	 	(0,1,0)		0	 	0	 	0	 	0
e-	 	(0,0,-1)		348.242	 	2.83781	 	0	 	0
e-	 	(0,0,-1)		297.898	 	1.18011	 	0	 	0
gamma	 	(0,1,0)		0	 	0	 	0	 	0
gamma	 	(0,1,0)		0	 	0	 	0	 	0
gamma	 	(0,1,0)		0	 	0	 	0	 	0
e-	 	(0,0,1)		0	 	0	 	358.652	 	1.64965
gamma	 	(0,1,0)		0	 	0	 	0	 	0
gamma	 	(0,1,0)		0	 	0	 	0	 	0
gamma	 	(0,1,0)		0	 	0	 	0	 	0
gamma	 	(0,1,0)		0	 	0	 	0	 	0
e-	 	(0,0,-1)		382.584	 	1.79755	 	0	 	0
e-	 	(0,0,1)		0	 	0	 	348.124	 	2.03706
gamma	 	(0,1,0)		0	 	0	 	0	 	0
e-	 	(0,0,1)		0	 	0	 	382.456	 	1.01503
gamma	 	(0,1,0)		0	 	0	 	0	 	0
e-	 	(0,0,1)		0	 	0	 	384.146	 	1.82917
gamma	 	(0,1,0)		0	 	0	 	0	 	0
e-	 	(0,0,1)		0	 	0	 	357.407	 	2.13917
e-	 	(0,0,1)		0	 	0	 	360.344	 	1.11309
gamma	 	(0,1,0)		0	 	0	 	0	 	0
e-	 	(0,0,1)		0	 	0	 	354.04	 	1.75189
e-	 	(0,0,1)		0	 	0	 	358.815	 	1.36274
gamma	 	(0,1,0)		0	 	0	 	0	 	0
gamma	 	(0,1,0)		0	 	0	 	0	 	0
e-	 	(0,0,-1)		358.776	 	0.855307	 	0	 	0
e-	 	(0,0,1)		0	 	0	 	382.975	 	1.58553
e-	 	(0,0,-1)		357.659	 	2.0599	 	0	 	0
gamma	 	(0,1,0)		0	 	0	 	0	 	0
e-	 	(0,0,-1)		356.885	 	1.75304	 	0	 	0
gamma	 	(0,1,0)		0	 	0	 	0	 	0
gamma	 	(0,1,0)		0	 	0	 	0	 	0
gamma	 	(0,1,0)		0	 	0	 	0	 	0
e-	 	(0,0,-1)		358.248	 	1.32369	 	0	 	0
e-	 	(0,0,-1)		341.669	 	1.38284	 	0	 	0
gamma	 	(0,1,0)		0	 	0	 	0	 	0
gamma	 	(0,1,0)		0	 	0	 	0	 	0
e-	 	(0,0,-1)		358.697	 	1.81237	 	0	 	0
gamma	 	(0,1,0)		0	 	0	 	0	 	0
gamma	 	(0,1,0)		0	 	0	 	0	 	0
gamma	 	(0,1,0)		0	 	0	 	0	 	0
e-	 	(0,0,1)		0	 	0	 	355.519	 	1.96378
gamma	 	(0,1,0)		0	 	0	 	0	 	0
e-	 	(0,0,-1)		358.987	 	0.920421	 	0	 	0
e-	 	(0,0,-1)		380.232	 	1.47639	 	0	 	0
gamma	 	(0,1,0)		0	 	0	 	0	 	0
gamma	 	(0,1,0)		0	 	0	 	0	 	0
e-	 	(0,0,1)		0	 	0	 	369.317	 	2.17845
gamma	 	(0,1,0)		0	 	0	 	0	 	0
gamma	 	(0,1,0)		0	 	0	 	0	 	0
e-	 	(0,0,1)		0	 	0	 	357.558	 	2.51895
gamma	 	(0,1,0)		0	 	0	 	0	 	0
e-	 	(0,0,-1)		355.271	 	1.64743	 	0	 	0
e-	 	(0,0,-1)		356.072	 	4.12156	 	0	 	0
e-	 	(0,0,-1)		374.238	 	1.2064	 	0	 	0
gamma	 	(0,1,0)		0	 	0	 	0	 	0
gamma	 	(0,1,0)		0	 	0	 	0	 	0
e-	 	(0,0,1)		0	 	0	 	350.46	 	0.879763
e-	 	(0,0,-1)		357.952	 	1.23828	 	0	 	0
e-	 	(0,0,1)		0	 	0	 	352.239	 	1.56232
e-	 	(0,0,1)		0	 	0	 	357.461	 	1.21804
e-	 	(0,0,-1)		359.735	 	0.856943	 	0	 	0
gamma	 	(0,1,0)		0	 	0	 	0	 	0
gamma	 	(0,1,0)		0	 	0	 	0	 	0
e-	 	(0,0,-1)		356.925	 	1.5581	 	0	 	0
gamma	 	(0,1,0)		0	 	0	 	0	 	0
gamma	 	(0,1,0)		0	 	0	 	0	 	0
e-	 	(0,0,1)		0	 	0	 	355.492	 	2.05476
e-	 	(0,0,1)		0	 	0	 	381.535	 	2.03933
e-	 	(0,0,1)		0	 	0	 	348.178	 	1.97306
gamma	 	(0,1,0)		0	 	0	 	0	 	0
gamma	 	(0,1,0)		0	 	0	 	0	 	0
gamma	 	(0,1,0)		0	 	0	 	0	 	0
e-	 	(0,0,-1)		358.792	 	1.56645	 	0	 	0
e-	 	(0,0,-1)		334.943	 	2.27423	 	0	 	0
gamma	 	(0,1,0)		0	 	0	 	0	 	0
gamma	 	(0,1,0)		0	 	0	 	0	 	0
gamma	 	(0,1,0)		0	 	0	 	0	 	0
gamma	 	(0,1,0)		0	 	0	 	0	 	0
e-	 	(0,0,1)		0	 	0	 	358.42	 	0.742904
gamma	 	(0,1,0)		0	 	0	 	0	 	0
gamma	 	(0,1,0)		0	 	0	 	0	 	0
gamma	 	(0,1,0)		0	 	0	 	0	 	0
gamma	 	(0,1,0)		0	 	0	 	0	 	0
e-	 	(0,0,1)		0	 	0	 	359.057	 	1.75521
gamma	 	(0,1,0)		0	 	0	 	0	 	0
gamma	 	(0,1,0)		0	 	0	 	0	 	0
gamma	 	(0,1,0)		0	 	0	 	0	 	0
gamma	 	(0,1,0)		0	 	0	 	0	 	0
gamma	 	(0,1,0)		0	 	0	 	0	 	0
gamma	 	(0,1,0)		0	 	0	 	0	 	0
gamma	 	(0,1,0)		0	 	0	 	0	 	0
gamma	 	(0,1,0)		0	 	0	 	0	 	0
e-	 	(0,0,-1)		355.67	 	1.12889	 	0	 	0
gamma	 	(0,1,0)		0	 	0	 	0	 	0
e-	 	(0,0,-1)		384.884	 	1.2325	 	0	 	0
e-	 	(0,0,1)		0	 	0	 	358.92	 	1.07498
e-	 	(0,0,-1)		354.744	 	1.26133	 	0	 	0
e-	 	(0,0,1)		0	 	0	 	358.652	 	1.6099
e-	 	(0,0,1)		0	 	0	 	353.778	 	5.61341
e-	 	(0,0,-1)		357.219	 	0.996384	 	0	 	0
gamma	 	(0,1,0)		0	 	0	 	0	 	0
e-	 	(0,0,-1)		352.373	 	1.33576	 	0	 	0
gamma	 	(0,1,0)		0	 	0	 	0	 	0
e-	 	(0,0,-1)		358.319	 	0.887027	 	0	 	0
e-	 	(0,0,-1)		359.738	 	0.77329	 	0	 	0
e-	 	(0,0,-1)		335.843	 	4.03343	 	0	 	0
e-	 	(0,0,1)		0	 	0	 	379.364	 	1.46013
e-	 	(0,0,-1)		382.168	 	0.947822	 	0	 	0
gamma	 	(0,1,0)		0	 	0	 	0	 	0
gamma	 	(0,1,0)		0	 	0	 	0	 	0
gamma	 	(0,1,0)		0	 	0	 	0	 	0
gamma	 	(0,1,0)		0	 	0	 	0	 	0
gamma	 	(0,1,0)		0	 	0	 	0	 	0
gamma	 	(0,1,0)		0	 	0	 	0	 	0
gamma	 	(0,1,0)		0	 	0	 	0	 	0
e-	 	(0,0,1)		0	 	0	 	338.452	 	1.09847
gamma	 	(0,1,0)		0	 	0	 	0	 	0
e-	 	(0,0,-1)		341.502	 	1.36947	 	0	 	0
gamma	 	(0,1,0)		0	 	0	 	0	 	0
gamma	 	(0,1,0)		0	 	0	 	0	 	0
gamma	 	(0,1,0)		0	 	0	 	0	 	0
gamma	 	(0,1,0)		0	 	0	 	0	 	0
gamma	 	(0,1,0)		0	 	0	 	0	 	0
e-	 	(0,0,-1)		358.706	 	1.85491	 	0	 	0
e-	 	(0,0,1)		0	 	0	 	360.476	 	0.835129
gamma	 	(0,1,0)		0	 	0	 	0	 	0
e-	 	(0,0,1)		0	 	0	 	356.542	 	3.27563
gamma	 	(0,1,0)		0	 	0	 	0	 	0
gamma	 	(0,1,0)		0	 	0	 	0	 	0
gamma	 	(0,1,0)		0	 	0	 	0	 	0
gamma	 	(0,1,0)		0	 	0	 	0	 	0
gamma	 	(0,1,0)		0	 	0	 	0	 	0
gamma	 	(0,1,0)		0	 	0	 	0	 	0
gamma	 	(0,1,0)		0	 	0	 	0	 	0
gamma	 	(0,1,0)		0	 	0	 	0	 	0
gamma	 	(0,1,0)		0	 	0	 	0	 	0
gamma	 	(0,1,0)		0	 	0	 	0	 	0
gamma	 	(0,1,0)		0	 	0	 	0	 	0
gamma	 	(0,1,0)		0	 	0	 	0	 	0
gamma	 	(0,1,0)		0	 	0	 	0	 	0
e-	 	(0,0,1)		0	 	0	 	355.538	 	3.28884
gamma	 	(0,1,0)		0	 	0	 	0	 	0
e-	 	(0,0,-1)		354.259	 	2.01452	 	0	 	0
e-	 	(0,0,-1)		358.656	 	1.13935	 	0	 	0
e-	 	(0,0,-1)		359.033	 	1.3993	 	0	 	0
gamma	 	(0,1,0)		0	 	0	 	0	 	0
e-	 	(0,0,-1)		359.51	 	1.21265	 	0	 	0
e-	 	(0,0,1)		0	 	0	 	346.982	 	0.802773
e-	 	(0,0,1)		0	 	0	 	386.783	 	1.35227
e-	 	(0,0,-1)		375.521	 	2.94431	 	0	 	0
gamma	 	(0,1,0)		0	 	0	 	0	 	0
gamma	 	(0,1,0)		0	 	0	 	0	 	0
gamma	 	(0,1,0)		0	 	0	 	0	 	0
e-	 	(0,0,1)		0	 	0	 	357.914	 	2.05213
e-	 	(0,0,-1)		353.873	 	0.844344	 	0	 	0
gamma	 	(0,1,0)		0	 	0	 	0	 	0
gamma	 	(0,1,0)		0	 	0	 	0	 	0
gamma	 	(0,1,0)		0	 	0	 	0	 	0
e-	 	(0,0,-1)		357.695	 	1.9744	 	0	 	0
gamma	 	(0,1,0)		0	 	0	 	0	 	0
gamma	 	(0,1,0)		0	 	0	 	0	 	0
e-	 	(0,0,-1)		358.726	 	0.969938	 	0	 	0
e-	 	(0,0,1)		0	 	0	 	379.823	 	6.19165
gamma	 	(0,1,0)		0	 	0	 	0	 	0
gamma	 	(0,1,0)		0	 	0	 	0	 	0
gamma	 	(0,1,0)		0	 	0	 	0	 	0
gamma	 	(0,1,0)		0	 	0	 	0	 	0
gamma	 	(0,1,0)		0	 	0	 	0	 	0
gamma	 	(0,1,0)		0	 	0	 	0	 	0
e-	 	(0,0,-1)		356.368	 	2.04147	 	0	 	0
e-	 	(0,0,-1)		358.092	 	1.69901	 	0	 	0
e-	 	(0,0,-1)		210.337	 	6.69125	 	0	 	0
e-	 	(0,0,-1)		385.723	 	1.25387	 	0	 	0
gamma	 	(0,1,0)		0	 	0	 	0	 	0
e-	 	(0,0,-1)		359.133	 	0.752165	 	0	 	0
e-	 	(0,0,-1)		355.942	 	1.50127	 	0	 	0
e-	 	(0,0,1)		0	 	0	 	356.871	 	1.76553
gamma	 	(0,1,0)		0	 	0	 	0	 	0
e-	 	(0,0,1)		0	 	0	 	358.834	 	0.809792
e-	 	(0,0,-1)		323.353	 	19.9357	 	0	 	0
gamma	 	(0,1,0)		0	 	0	 	0	 	0
gamma	 	(0,1,0)		0	 	0	 	0	 	0
e-	 	(0,0,1)		0	 	0	 	360.099	 	0.700927
e-	 	(0,0,1)		0	 	0	 	358.157	 	1.77711
e-	 	(0,0,-1)		359.222	 	1.10366	 	0	 	0
e-	 	(0,0,-1)		357.835	 	0.821644	 	0	 	0
e-	 	(0,0,-1)		355.725	 	4.07011	 	0	 	0
gamma	 	(0,1,0)		0	 	0	 	0	 	0
gamma	 	(0,1,0)		0	 	0	 	0	 	0
gamma	 	(0,1,0)		0	 	0	 	0	 	0
e-	 	(0,0,1)		0	 	0	 	332.858	 	1.53806
gamma	 	(0,1,0)		0	 	0	 	0	 	0
gamma	 	(0,1,0)		0	 	0	 	0	 	0
e-	 	(0,0,1)		0	 	0	 	352.144	 	1.26413
e-	 	(0,0,1)		0	 	0	 	357.252	 	1.12464
gamma	 	(0,1,0)		0	 	0	 	0	 	0
e-	 	(0,0,1)		0	 	0	 	356.933	 	1.22188
gamma	 	(0,1,0)		0	 	0	 	0	 	0
e-	 	(0,0,1)		0	 	0	 	387.552	 	0.882253
gamma	 	(0,1,0)		0	 	0	 	0	 	0
e-	 	(0,0,1)		0	 	0	 	352.272	 	1.25606
e-	 	(0,0,-1)		359.257	 	1.51619	 	0	 	0
e-	 	(0,0,-1)		383.816	 	1.72259	 	0	 	0
e-	 	(0,0,-1)		359.39	 	1.3364	 	0	 	0
gamma	 	(0,1,0)		0	 	0	 	0	 	0
e-	 	(0,0,1)		0	 	0	 	358.689	 	1.33023
e-	 	(0,0,1)		0	 	0	 	355.12	 	1.63172
gamma	 	(0,1,0)		0	 	0	 	0	 	0
gamma	 	(0,1,0)		0	 	0	 	0	 	0
gamma	 	(0,1,0)		0	 	0	 	0	 	0
gamma	 	(0,1,0)		0	 	0	 	0	 	0
gamma	 	(0,1,0)		0	 	0	 	0	 	0
gamma	 	(0,1,0)		0	 	0	 	0	 	0
e-	 	(0,0,1)		0	 	0	 	358.654	 	0.520452
gamma	 	(0,1,0)		0	 	0	 	0	 	0
gamma	 	(0,1,0)		0	 	0	 	0	 	0
gamma	 	(0,1,0)		0	 	0	 	0	 	0
gamma	 	(0,1,0)		0	 	0	 	0	 	0
gamma	 	(0,1,0)		0	 	0	 	0	 	0
e-	 	(0,0,1)		0	 	0	 	359.699	 	1.03347
e-	 	(0,0,1)		0	 	0	 	357.832	 	0.967524
gamma	 	(0,1,0)		0	 	0	 	0	 	0
gamma	 	(0,1,0)		0	 	0	 	0	 	0
gamma	 	(0,1,0)		0	 	0	 	0	 	0
e-	 	(0,0,-1)		357.612	 	1.13173	 	0	 	0
e-	 	(0,0,-1)		355.111	 	1.03884	 	0	 	0
gamma	 	(0,1,0)		0	 	0	 	0	 	0
gamma	 	(0,1,0)		0	 	0	 	0	 	0
e-	 	(0,0,1)		0	 	0	 	381.8	 	2.79685
gamma	 	(0,1,0)		0	 	0	 	0	 	0
gamma	 	(0,1,0)		0	 	0	 	0	 	0
e-	 	(0,0,1)		0	 	0	 	359.173	 	1.50003
gamma	 	(0,1,0)		0	 	0	 	0	 	0
gamma	 	(0,1,0)		0	 	0	 	0	 	0
e-	 	(0,0,-1)		354.688	 	0.776763	 	0	 	0
e-	 	(0,0,1)		0	 	0	 	348.476	 	2.07019
gamma	 	(0,1,0)		0	 	0	 	0	 	0
gamma	 	(0,1,0)		0	 	0	 	0	 	0
gamma	 	(0,1,0)		0	 	0	 	0	 	0
gamma	 	(0,1,0)		0	 	0	 	0	 	0
e-	 	(0,0,1)		0	 	0	 	356.258	 	1.647
gamma	 	(0,1,0)		0	 	0	 	0	 	0
e-	 	(0,0,-1)		375.159	 	1.44081	 	0	 	0
gamma	 	(0,1,0)		0	 	0	 	0	 	0
e-	 	(0,0,-1)		380.15	 	4.38843	 	0	 	0
gamma	 	(0,1,0)		0	 	0	 	0	 	0
gamma	 	(0,1,0)		0	 	0	 	0	 	0
gamma	 	(0,1,0)		0	 	0	 	0	 	0
gamma	 	(0,1,0)		0	 	0	 	0	 	0
gamma	 	(0,1,0)		0	 	0	 	0	 	0
gamma	 	(0,1,0)		0	 	0	 	0	 	0
e-	 	(0,0,1)		0	 	0	 	380.363	 	1.74376
gamma	 	(0,1,0)		0	 	0	 	0	 	0
gamma	 	(0,1,0)		0	 	0	 	0	 	0
e-	 	(0,0,1)		0	 	0	 	382.253	 	0.765856
e-	 	(0,0,1)		0	 	0	 	358.948	 	1.19851
gamma	 	(0,1,0)		0	 	0	 	0	 	0
gamma	 	(0,1,0)		0	 	0	 	0	 	0
gamma	 	(0,1,0)		0	 	0	 	0	 	0
gamma	 	(0,1,0)		0	 	0	 	0	 	0
gamma	 	(0,1,0)		0	 	0	 	0	 	0
gamma	 	(0,1,0)		0	 	0	 	0	 	0
e-	 	(0,0,1)		0	 	0	 	381.15	 	1.78605
gamma	 	(0,1,0)		0	 	0	 	0	 	0
gamma	 	(0,1,0)		0	 	0	 	0	 	0
e-	 	(0,0,1)		0	 	0	 	358.105	 	1.87428
Total number of simulated events during this run: 1000
