0	11	0	0	0	-1.5	0	0	-1	0	1	0	0.001232	SD_scint_EAST	0	0	0	0	0	0	0	0	0	0	0	0	6.91979e-307	1.4822e-320	SD_wireVol_EAST	0	0	0	0	0	0	0	0	0	0	0	0	1.061e-310	2.122e-311	SD_scint_WEST	0	0	0	0	0	0	0	0	0	0	0	0	1.49371e-314	0	SD_wireVol_WEST	0	0	0	0	0	0	0	0	0	0	0	0	6.91979e-307	6.91979e-307	
1	11	420.246	0.0399974	-0.0399974	1.3125	-1	1.22465e-16	0	0	1	1	60.2103	SD_scint_EAST	0	0	0	0	0	0	0	0	0	0	0	0	1288.46	1.03754e-319	SD_wireVol_EAST	0	0	0	0	0	0	0	0	0	0	0	0	6.95334e-307	-472.345	SD_scint_WEST	0	0	0	0	0	0	0	0	0	0	0	0	-1000	500	SD_wireVol_WEST	0	0	0	0	0	0	0	0	0	0	0	0	0	0	
2	11	200.968	0.00955047	0.0116373	-1.30078	5.30288e-17	0.866025	0.5	0	1	0	0.104814	SD_scint_EAST	0	0	0	0	0	0	0	0	0	0	0	0	32016	0	SD_wireVol_EAST	0	0	0	0	0	0	0	0	0	0	0	0	2.15733e+06	10.0819	SD_scint_WEST	187.048	165.915	3.22503e-08	61	1.66293	2.58413	-0.302434	0.0147841	0.0357014	0.000489332	23.2824	0	187.048	500	SD_wireVol_WEST	1.25237	1.19313	3.20446e-08	1	0.0125568	0.0183609	-0.00361629	0.000128238	0.000273699	5.48117e-05	27.918	28.3692	192.464	191.182	
3	11	319.735	0.00536828	-0.054505	1.13672	-1.59086e-16	-0.866025	-0.5	0	1	0	0.490864	SD_scint_EAST	0	0	0	0	0	0	0	0	0	0	0	0	0	0	SD_wireVol_EAST	0	0	0	0	0	0	0	0	0	0	0	0	-2.13191e+06	-8.61875	SD_scint_WEST	0	0	0	0	0	0	0	0	0	0	0	0	-1000	500	SD_wireVol_WEST	0	0	0	0	0	0	0	0	0	0	0	0	0	0	
4	11	508.047	-0.0177022	0.0118282	-0.914062	-0.684653	0.684653	-0.25	0	1	0	0.104949	SD_scint_EAST	462.062	431.617	1.58254e-08	133	9.87479	5.64025	-0.530463	0.211065	0.0688543	0.000664514	55.2218	0	462.062	0	SD_wireVol_EAST	3.08654	3.00838	1.54916e-08	3	0.0765837	0.0364181	-0.00541545	0.0019389	0.000447769	0.00019758	53.0388	0	503.576	6.65314	SD_scint_WEST	0	0	0	0	0	0	0	0	0	0	0	0	-1000	500	SD_wireVol_WEST	0	0	0	0	0	0	0	0	0	0	0	0	0	0	
5	11	104.46	-0.051895	-0.0103225	0.773438	0.467707	-0.467707	0.75	0	1	0	0.079836	SD_scint_EAST	0	0	0	0	0	0	0	0	0	0	0	0	0	0	SD_wireVol_EAST	0	0	0	0	0	0	0	0	0	0	0	0	1.5e+06	-14.7942	SD_scint_WEST	93.4619	77.836	1.11542e-08	33	-5.95918	-1.22708	-0.157931	0.379961	0.0161107	0.000266916	36.5415	0	93.4619	500	SD_wireVol_WEST	3.28138	3.03834	1.08677e-08	2	-0.213843	-0.0440051	-0.00335946	0.0140418	0.000594803	0.000193349	34.4888	0	100.754	0	
6	11	384.32	-0.00756921	0.0249524	-1.08984	0.684653	0.684653	0.25	0	1	0	0.107292	SD_scint_EAST	0	0	0	0	0	0	0	0	0	0	0	0	48432.7	0	SD_wireVol_EAST	0	0	0	0	0	0	0	0	0	0	0	0	2.15813e+06	-1.25397	SD_scint_WEST	376.78	348.552	4.86619e-08	122	-5.36226	13.1978	-0.56163	0.0763194	0.462312	0.000842227	38.5046	0	376.78	500	SD_wireVol_WEST	0.926356	0.899209	4.84551e-08	1	-0.00982085	0.0311719	-0.00203302	0.000111787	0.00106506	3.86592e-05	44.1383	43.5768	381.074	380.206	
7	11	259.915	-0.0240351	-0.0449665	0.972656	-0.467707	-0.467707	-0.75	0	1	0	0.07748	SD_scint_EAST	242.743	219.043	1.86009e-08	80	7.79603	-14.1982	-0.35405	0.250381	0.830467	0.00052114	47.5257	0	242.743	0	SD_wireVol_EAST	1.37757	1.32442	1.83772e-08	1	0.0413177	-0.0812339	-0.00432566	0.00125572	0.00483932	6.96549e-05	34.8887	35.4654	257.63	256.276	SD_scint_WEST	0	0	0	0	0	0	0	0	0	0	0	0	-1000	500	SD_wireVol_WEST	0	0	0	0	0	0	0	0	0	0	0	0	0	0	
8	11	296.977	0.0278171	-0.0115222	-0.140625	-0.298732	0.721203	-0.625	0	1	0	0.080835	SD_scint_EAST	279.782	254.772	1.3442e-08	96	-9.09412	-4.19928	-0.389235	0.295601	0.0630296	0.000547679	17.0662	0	279.782	0	SD_wireVol_EAST	1.7906	1.72595	1.32685e-08	1	-0.0591193	-0.0266476	-0.00766345	0.00196469	0.00040101	8.51335e-05	19.0777	18.1661	283.768	281.978	SD_scint_WEST	0	0	0	0	0	0	0	0	0	0	0	0	-1000	500	SD_wireVol_WEST	0	0	0	0	0	0	0	0	0	0	0	0	0	0	
9	11	178.331	0.0452578	0.0187464	0.046875	0.354757	-0.856459	0.375	0	1	0	0.111733	SD_scint_EAST	0	0	0	0	0	0	0	0	0	0	0	0	0	0	SD_wireVol_EAST	0	0	0	0	0	0	0	0	0	0	0	0	1.5e+06	0.932521	SD_scint_WEST	166.373	146.308	2.62449e-08	61	10.5445	4.51809	-0.278161	0.668302	0.122695	0.000465496	53.9557	0	166.373	500	SD_wireVol_WEST	1.95388	1.85449	2.59583e-08	1	0.114483	0.0477929	-0.00501044	0.00675098	0.00117746	0.000117081	50.7023	50.4862	173.699	171.648	
10	11	471.484	0.0158686	-0.029688	-0.316406	0.447271	0.185266	0.875	0	1	0	0.065632	SD_scint_EAST	0	0	0	0	0	0	0	0	0	0	0	0	11093.1	0	SD_wireVol_EAST	0	0	0	0	0	0	0	0	0	0	0	0	2.1873e+06	-15.4576	SD_scint_WEST	466.226	435.424	1.11495e-08	154	8.10203	-16.6443	-0.61676	0.140808	0.594227	0.000832383	34.4765	0	466.226	500	SD_wireVol_WEST	1.40131	1.36591	1.09846e-08	1	0.0288502	-0.050413	-0.00974381	0.000601254	0.00182718	9.60164e-05	26.0142	26.2294	470.199	468.797	
11	11	75.4045	0.0136147	0.0448816	0.246094	-0.916633	-0.379682	-0.125	0	1	0	0.184248	SD_scint_EAST	0	0	0	0	0	0	0	0	0	0	0	0	0	0	SD_wireVol_EAST	48.4555	37.0967	1.0615e-07	21	-0.840715	2.64749	-0.164135	0.0152183	0.150064	0.00721077	80.5283	0	50.3269	-1.72667	SD_scint_WEST	0	0	0	0	0	0	0	0	0	0	0	0	-1000	500	SD_wireVol_WEST	0	0	0	0	0	0	0	0	0	0	0	0	0	0	
12	11	237.896	-0.0306611	-0.0204871	-0.679688	0.354757	0.856459	-0.375	0	1	0	0.508511	SD_scint_EAST	0	0	0	0	0	0	0	0	0	0	0	0	0	0	SD_wireVol_EAST	4.26746	4.03952	1.59114e-08	1	0.181684	-0.100639	-0.00486959	0.00805277	0.00247887	0.000459429	48.1264	29.6171	234.924	117.645	SD_scint_WEST	0	0	0	0	0	0	0	0	0	0	0	0	-1000	500	SD_wireVol_WEST	12.1875	9.59104	1.10486e-07	3	-0.580065	-0.244364	0.00108292	0.0277428	0.00492679	0.000508079	18.5823	0	24.4157	0	
13	11	359.228	-0.0438592	0.00872415	0.632812	-0.298732	-0.721203	0.625	0	1	0	0.081047	SD_scint_EAST	0	0	0	0	0	0	0	0	0	0	0	0	9666.08	0	SD_wireVol_EAST	0	0	0	0	0	0	0	0	0	0	0	0	2.17415e+06	-0.334145	SD_scint_WEST	352.455	325.3	9.80006e-09	116	-18.5376	3.45742	-0.504885	0.974997	0.033917	0.000729136	41.7578	0	352.455	500	SD_wireVol_WEST	2.45259	2.37725	9.59953e-09	3	-0.131107	0.0246609	-0.000904687	0.00705705	0.000249765	0.000151487	38.8234	0	357.323	0	
14	11	147.01	-0.00390407	-0.0396386	-0.480469	-0.916633	0.379682	0.125	0	1	0	0.69518	SD_scint_EAST	0	0	0	0	0	0	0	0	0	0	0	0	0	0	SD_wireVol_EAST	0	0	0	0	0	0	0	0	0	0	0	0	-1.5e+06	18.0977	SD_scint_WEST	116.106	98.9561	9.28113e-08	34	-0.820052	-6.31953	-0.192662	0.00579203	0.343965	0.000319874	16.9262	0	116.106	500	SD_wireVol_WEST	3.1573	2.95407	9.25833e-08	2	-0.0225689	-0.17003	0.00282422	0.000163206	0.00920987	0.000149172	25.398	0	123.762	0	
15	11	592.611	-0.0269133	0.032794	0.457031	0.447271	-0.185266	-0.875	0	1	0	0.072637	SD_scint_EAST	583.545	550.413	1.13476e-08	210	19.5086	27.7311	-0.353059	0.652246	1.31784	0.000361448	24.3239	0	583.545	0	SD_wireVol_EAST	0.483421	0.472987	1.11897e-08	1	0.0158308	0.021916	-0.000733849	0.000529992	0.00101396	2.6548e-05	24.9779	24.466	586.175	585.693	SD_scint_WEST	0	0	0	0	0	0	0	0	0	0	0	0	-1000	500	SD_wireVol_WEST	0	0	0	0	0	0	0	0	0	0	0	0	0	0	
16	11	185.938	0.000552411	-0.0450122	1.40625	-0.57176	0.11373	-0.8125	0	1	0	0.078528	SD_scint_EAST	177.26	156.446	2.15839e-08	57	-0.265438	-10.4295	-0.279454	0.000397948	0.613647	0.000441079	13.7262	0	177.26	0	SD_wireVol_EAST	1.66446	1.58281	2.13734e-08	1	6.59594e-05	-0.0971833	-0.00604523	1.23108e-06	0.00573007	0.000111773	33.3371	29.3832	182.85	181.223	SD_scint_WEST	0	0	0	0	0	0	0	0	0	0	0	0	-1000	500	SD_wireVol_WEST	0	0	0	0	0	0	0	0	0	0	0	0	0	0	
17	11	304.505	0.0260045	0.0266507	-1.40625	0.963391	-0.19163	0.1875	0	1	0	0.118849	SD_scint_EAST	0	0	0	0	0	0	0	0	0	0	0	0	0	0	SD_wireVol_EAST	0	0	0	0	0	0	0	0	0	0	0	0	1.5e+06	-9.89999	SD_scint_WEST	295.117	269.557	7.36175e-08	114	10.9379	11.474	-0.450659	0.405395	0.446108	0.000690662	54.4933	0	295.117	500	SD_wireVol_WEST	2.45768	2.37255	7.33781e-08	2	0.0826109	0.0912715	-0.00926554	0.00279755	0.00342269	0.000136127	49.1423	0	301.631	0	
18	11	85.5383	0.0333662	-0.0267045	1.23047	0.141672	0.712231	0.6875	0	1	0	0.087523	SD_scint_EAST	0	0	0	0	0	0	0	0	0	0	0	0	8195.63	0	SD_wireVol_EAST	0	0	0	0	0	0	0	0	0	0	0	0	2.15733e+06	-0.974331	SD_scint_WEST	62.1398	49.2584	8.54659e-09	27	2.57882	-2.11211	-0.107776	0.107022	0.0717901	0.000186929	38.1486	0	62.1398	500	SD_wireVol_WEST	4.22391	3.83759	8.24302e-09	2	0.173664	-0.140993	-0.00573885	0.00723303	0.00476671	0.000208387	52.3659	0	74.3064	0	
19	11	483.023	0.039919	0.00442694	-1.20703	-0.18532	-0.931665	-0.3125	0	1	0	0.104942	SD_scint_EAST	458.145	427.581	9.66834e-09	146	-24.099	2.18014	-0.56815	1.26765	0.0104092	0.000731419	63.2402	0	458.145	0	SD_wireVol_EAST	4.52023	4.40525	9.18348e-09	1	-0.257416	0.0289454	-0.0103185	0.0147636	0.000233039	0.000191952	74.2302	73.5321	467.208	462.784	SD_scint_WEST	0	0	0	0	0	0	0	0	0	0	0	0	-1000	500	SD_wireVol_WEST	0	0	0	0	0	0	0	0	0	0	0	0	0	0	
20	11	367.45	-0.0271552	-0.0417406	0.867188	0.829844	0.554484	-0.0625	0	1	0	0.427322	SD_scint_EAST	0	0	0	0	0	0	0	0	0	0	0	0	0	0	SD_wireVol_EAST	0	0	0	0	0	0	0	0	0	0	0	0	-1.5e+06	9.78252	SD_scint_WEST	345.36	318.078	2.35987e-07	121	-12.5717	-18.5809	-0.510165	0.457652	0.999686	0.000757596	49.9853	0	345.36	500	SD_wireVol_WEST	2.11937	2.05344	2.3574e-07	1	-0.0765472	-0.105022	-0.00842857	0.00279259	0.00524842	0.000119073	50.5528	49.4139	350.754	348.638	
21	11	245.233	-0.00650521	0.0307282	-0.820312	-0.289339	-0.19333	0.9375	0	1	0	0.056817	SD_scint_EAST	0	0	0	0	0	0	0	0	0	0	0	0	14443.1	0	SD_wireVol_EAST	0	0	0	0	0	0	0	0	0	0	0	0	2.15731e+06	-8.24291	SD_scint_WEST	221.313	198.529	1.4692e-08	72	-1.5946	8.95475	-0.329183	0.0114895	0.362328	0.000493476	32.748	0	221.313	500	SD_wireVol_WEST	1.71448	1.64186	1.4471e-08	1	-0.0142457	0.0668969	-0.00207034	0.000120443	0.00263637	5.29224e-05	34.0178	40.6778	225.714	224.027	
22	11	618.609	-0.0455168	-0.0144197	1.06641	-0.499579	0.747673	0.4375	0	1	0	0.098221	SD_scint_EAST	0	0	0	0	0	0	0	0	0	0	0	0	0	0	SD_wireVol_EAST	0	0	0	0	0	0	0	0	0	0	0	0	1.5e+06	20.9505	SD_scint_WEST	613.32	579.275	8.26335e-09	217	-38.8057	-15.2384	-0.704776	2.45531	0.378611	0.000842706	44.6381	0	613.32	500	SD_wireVol_WEST	1.42181	1.39219	8.07036e-09	1	-0.0896759	-0.0307375	-0.00305639	0.00570687	0.000682521	6.09847e-05	43.6969	42.7844	616.756	615.334	
23	11	155.002	-0.0309171	0.0160409	-0.996094	0.459344	-0.687457	-0.5625	0	1	0	0.096286	SD_scint_EAST	143.492	124.548	9.94462e-09	57	5.39742	3.12824	-0.24632	0.203023	0.0681985	0.000422849	35.7862	0	143.492	0	SD_wireVol_EAST	2.92197	2.75862	9.69084e-09	3	0.115012	0.0650565	0.0128686	0.00455675	0.00146222	0.000204744	33.31	0	152.185	15.455	SD_scint_WEST	0	0	0	0	0	0	0	0	0	0	0	0	-1000	500	SD_wireVol_WEST	0	0	0	0	0	0	0	0	0	0	0	0	0	7.29112e-301	
24	11	449.878	0.0201093	0.0502849	0.140625	0.403446	0.6038	-0.6875	0	1	0	0.069208	SD_scint_EAST	0	0	0	0	0	0	0	0	0	0	0	0	0	0	SD_wireVol_EAST	0	0	0	0	0	0	0	0	0	0	0	0	-2.13259e+06	-15.0422	SD_scint_WEST	0	0	0	0	0	0	0	0	0	0	0	0	-1000	500	SD_wireVol_WEST	0	0	0	0	0	0	0	0	0	0	0	0	0	0	
25	11	53.02	0.00954235	-0.0222606	-0.046875	-0.527746	-0.789828	0.3125	0	1	0	0.10127	SD_scint_EAST	0	0	0	0	0	0	0	0	0	0	0	0	0	0	SD_wireVol_EAST	0	0	0	0	0	0	0	0	0	0	0	0	1.5e+06	33.0884	SD_scint_WEST	21.0674	13.8745	4.71221e-08	7	0.260377	-0.608951	-0.0367562	0.00321807	0.0176017	6.41286e-05	38.0408	0	21.0674	500	SD_wireVol_WEST	7.4126	6.41383	4.66782e-08	5	0.0984264	-0.219148	-0.00305973	0.00132191	0.00655641	0.000307511	25.754	0	43.0073	0	
26	11	343.14	0.0457991	0.0252076	0.339844	-0.484715	0.323876	0.8125	0	1	0	0.06713	SD_scint_EAST	0	0	0	0	0	0	0	0	0	0	0	0	9166.96	0	SD_wireVol_EAST	0	0	0	0	0	0	0	0	0	0	0	0	2.15733e+06	-2.71511	SD_scint_WEST	337.768	310.81	9.37961e-09	119	20.4933	10.4161	-0.458232	1.24338	0.321214	0.000630552	41.2981	0	337.768	500	SD_wireVol_WEST	1.07041	1.03646	9.19116e-09	1	0.0611143	0.0330175	-0.0043098	0.00353052	0.00103183	6.90888e-05	32.1075	29.9656	340.766	339.695	
27	11	223.195	0.0273888	-0.00794259	-0.222656	0.816723	-0.545717	-0.1875	0	1	0	0.401288	SD_scint_EAST	0	0	0	0	0	0	0	0	0	0	0	0	38879	0	SD_wireVol_EAST	18.2855	17.4708	3.89271e-08	5	-0.674997	-0.157956	0.0614033	0.0250159	0.00142039	0.000856056	61.4104	0	219.622	21.845	SD_scint_WEST	180.647	159.809	1.01368e-07	62	6.43995	-1.41806	-0.301635	0.22958	0.0111318	0.000503795	63.0227	0	180.647	500	SD_wireVol_WEST	3.49065	3.32296	1.01038e-07	3	0.133027	-0.0229167	-0.00924895	0.00510685	0.000158488	0.000163489	49.6482	0	189.562	0	
28	11	130.589	-0.0329207	0.047984	0.726562	-0.175429	0.88194	-0.4375	0	1	0	0.015894	SD_scint_EAST	0	0	0	0	0	0	0	0	0	0	0	0	0	0	SD_wireVol_EAST	0	0	0	0	0	0	0	0	0	0	0	0	-1.50043e+06	-6.43544	SD_scint_WEST	0	0	0	0	0	0	0	0	0	0	0	0	-1000	500	SD_wireVol_WEST	0	0	0	0	0	0	0	0	0	0	0	0	0	0	
29	11	553.051	-0.00250064	-0.0134309	-0.585938	0.1613	-0.810911	0.5625	0	1	0	0.083594	SD_scint_EAST	0	0	0	0	0	0	0	0	0	0	0	0	17886.4	0	SD_wireVol_EAST	0	0	0	0	0	0	0	0	0	0	0	0	2.15773e+06	4.95383	SD_scint_WEST	546.692	513.978	1.8105e-08	166	1.8016	-9.18309	-0.634664	0.00600143	0.154373	0.000767203	42.5152	0	546.692	500	SD_wireVol_WEST	1.21787	1.19034	1.79078e-08	1	-0.000282757	-0.021658	-0.0034488	4.85626e-06	0.000398432	3.89778e-05	44.6264	44.2275	549.688	548.47	
30	11	282.058	-0.0562388	0.004843	0.550781	0.978868	0.194709	0.0625	0	1	0	0.018065	SD_scint_EAST	0	0	0	0	0	0	0	0	0	0	0	0	0	0	SD_wireVol_EAST	0	0	0	0	0	0	0	0	0	0	0	0	1.5e+06	7.71522	SD_scint_WEST	0	0	0	0	0	0	0	0	0	0	0	0	-1000	500	SD_wireVol_WEST	0	0	0	0	0	0	0	0	0	0	0	0	0	0	
31	11	410.939	-0.0155553	-0.0130886	-0.386719	-0.341299	-0.0678886	-0.9375	0	1	0	0.061585	SD_scint_EAST	406.604	377.388	7.71638e-09	140	7.19651	-7.86558	-0.495409	0.127379	0.152176	0.000623792	18.7126	0	406.604	0	SD_wireVol_EAST	1.22626	1.19208	7.55496e-09	1	0.0242259	-0.0228453	-0.00571672	0.000484348	0.000430168	5.77318e-05	18.9676	22.3599	409.16	407.936	SD_scint_WEST	0	0	0	0	0	0	0	0	0	0	0	0	-1000	500	SD_wireVol_WEST	0	0	0	0	0	0	0	0	0	0	0	0	0	0	
32	11	463.172	-0.017635	-0.0185227	1.12573	-0.041436	0.420707	-0.90625	0	1	0	0.058793	SD_scint_EAST	457.561	426.986	1.43148e-08	139	10.8299	-11.4084	-0.36964	0.256342	0.28445	0.000377554	14.3466	0	457.561	0	SD_wireVol_EAST	1.35317	1.31846	1.416e-08	1	0.033546	-0.0332236	-0.00168746	0.000837708	0.00082294	2.53012e-05	19.5917	17.9316	460.24	458.886	SD_scint_WEST	0	0	0	0	0	0	0	0	0	0	0	0	-1000	500	SD_wireVol_WEST	0	0	0	0	0	0	0	0	0	0	0	0	0	0	
33	11	67.4033	-0.00124505	0.0507177	-1.31177	0.0975855	-0.990802	0.09375	0	1	0	0.19013	SD_scint_EAST	0	0	0	0	0	0	0	0	0	0	0	0	229817	0	SD_wireVol_EAST	0	0	0	0	0	0	0	0	0	0	0	0	2.15734e+06	25.7841	SD_scint_WEST	42.3876	31.7329	2.3027e-07	19	-0.145073	2.89817	-0.073987	0.00049652	0.198157	0.000129143	51.815	0	42.3876	500	SD_wireVol_WEST	4.11131	3.66754	2.29862e-07	1	-0.00428895	0.268843	-0.00697256	6.80053e-06	0.0177338	0.000209037	37.3411	30.101	57.8824	53.7968	
34	11	291.363	-0.0205193	-0.00253081	1.32495	0.800775	0.0788695	0.59375	0	1	0	0.084588	SD_scint_EAST	0	0	0	0	0	0	0	0	0	0	0	0	5528.86	0	SD_wireVol_EAST	0	0	0	0	0	0	0	0	0	0	0	0	2.16921e+06	-13.1953	SD_scint_WEST	284.033	258.865	5.7265e-09	86	-6.78286	0.0413339	-0.410137	0.161979	1.385e-05	0.000598339	61.3602	0	284.033	500	SD_wireVol_WEST	1.91728	1.84906	5.49035e-09	3	-0.0506238	-0.00178489	-0.00370794	0.00135161	3.64228e-06	7.6701e-05	34.2363	0	289.758	7.29112e-301	
35	11	172.576	-0.0415198	0.0324024	-1.48755	-0.909362	-0.0895643	-0.40625	0	1	0	0.110136	SD_scint_EAST	162.248	142.581	6.57356e-09	60	8.57376	6.394	-0.253516	0.453069	0.251981	0.000397465	40.9696	0	162.248	0	SD_wireVol_EAST	3.34327	3.1698	6.33044e-09	1	0.178801	0.133903	-0.000591202	0.00961875	0.0053969	0.000189252	38.8443	42.558	169.526	166.153	SD_scint_WEST	0	0	0	0	0	0	0	0	0	0	0	0	-1000	500	SD_wireVol_WEST	0	0	0	0	0	0	0	0	0	0	0	0	0	0	
36	11	140.926	0.00349282	-0.0155542	0.96167	0.626601	0.763516	-0.15625	0	1	0	0.40853	SD_scint_EAST	37.4212	27.7053	1.20412e-07	14	-0.174959	-0.849313	-0.065311	0.000818004	0.0192761	0.000113987	27.6359	0	37.4212	0	SD_wireVol_EAST	30.297	27.6611	9.59852e-08	11	-0.13318	-0.617658	-0.000236681	0.000645986	0.0126896	0.000986618	62.9374	0	120.79	12.7153	SD_scint_WEST	0	0	0	0	0	0	0	0	0	0	0	0	-1000	500	SD_wireVol_WEST	0	0	0	0	0	0	0	0	0	0	0	0	0	0	
37	11	576.367	0.0294351	0.0464832	-1.10083	-0.340502	-0.414903	0.84375	0	1	0	0.063467	SD_scint_EAST	0	0	0	0	0	0	0	0	0	0	0	0	0	0	SD_wireVol_EAST	0	0	0	0	0	0	0	0	0	0	0	0	2.12933e+06	-14.9882	SD_scint_WEST	0	0	0	0	0	0	0	0	0	0	0	0	-1000	500	SD_wireVol_WEST	0	0	0	0	0	0	0	0	0	0	0	0	0	0	
38	11	232.389	0.00468381	-0.00235763	0.785889	-0.725904	0.595734	0.34375	0	1	0	0.108753	SD_scint_EAST	0	0	0	0	0	0	0	0	0	0	0	0	15753.9	0	SD_wireVol_EAST	0	0	0	0	0	0	0	0	0	0	0	0	2.15904e+06	4.48241	SD_scint_WEST	218.667	195.972	1.60304e-08	73	1.49282	-0.976138	-0.356089	0.0101917	0.00436102	0.000580672	41.4436	0	218.667	500	SD_wireVol_WEST	2.27223	2.17686	1.57745e-08	1	0.0110861	-0.0104313	-0.00945923	6.00752e-05	5.16326e-05	9.52817e-05	46.2648	48.2339	228.956	226.682	
39	11	353.143	0.0539403	0.0178195	-0.901611	0.58327	-0.478677	-0.65625	0	1	0	0.16741	SD_scint_EAST	0	0	0	0	0	0	0	0	0	0	0	0	0	0	SD_wireVol_EAST	0	0	0	0	0	0	0	0	0	0	0	0	-1.50001e+06	17.2363	SD_scint_WEST	0	0	0	0	0	0	0	0	0	0	0	0	-1000	500	SD_wireVol_WEST	0	0	0	0	0	0	0	0	0	0	0	0	0	0	
40	11	210.266	-0.016009	0.0361157	0.235107	0.747177	0.399374	-0.53125	0	1	0	0.552885	SD_scint_EAST	128.792	120.416	2.05711e-08	46	2.94604	6.23532	-0.219198	0.0673887	0.301876	0.000373117	39.8045	0	195.001	0	SD_wireVol_EAST	11.3859	10.4632	2.03124e-08	8	0.246041	0.549463	0.000629825	0.00541631	0.0268936	0.000670619	45.1536	0	204.477	0.0886585	SD_scint_WEST	0	0	0	0	0	0	0	0	0	0	0	0	-1000	500	SD_wireVol_WEST	8.61413	7.28368	1.33551e-07	3	-0.207376	0.429275	0.00453453	0.00501633	0.0214858	0.000317085	31.8423	0	35.5975	0	
41	11	329.395	-0.0151581	-0.0392959	-0.327393	-0.779028	-0.416399	0.46875	0	1	0	0.187444	SD_scint_EAST	0	0	0	0	0	0	0	0	0	0	0	0	0	0	SD_wireVol_EAST	0	0	0	0	0	0	0	0	0	0	0	0	1.5e+06	-12.7107	SD_scint_WEST	260.759	238.554	2.12823e-08	84	-5.508	-14.1592	-0.434714	0.116358	0.769238	0.000725431	51.1458	0	319.574	500	SD_wireVol_WEST	9.84699	9.23272	2.10265e-08	4	-0.206504	-0.53638	-0.0135469	0.00442382	0.0293392	0.000481251	49.3595	0	326.018	0	
42	11	28.99	-0.0352009	0.00974139	0.0593262	-0.116925	0.218751	0.96875	0	1	0	0.061953	SD_scint_EAST	0	0	0	0	0	0	0	0	0	0	0	0	22443.6	0	SD_wireVol_EAST	0	0	0	0	0	0	0	0	0	0	0	0	2.15733e+06	-5.73112	SD_scint_WEST	0	0	0	0	0	0	0	0	0	0	0	0	-1000	500	SD_wireVol_WEST	5.82884	4.28785	2.25288e-08	1	-0.257004	0.0759844	-0.0504122	0.0115141	0.00100763	0.000480855	69.8866	35.457	15.599	9.83378	
43	11	432.251	-0.0386569	-0.0218989	-0.128174	0.471167	-0.881491	-0.03125	0	1	0	0.175693	SD_scint_EAST	419.074	390.508	1.82502e-07	119	20.3086	-12.6285	-0.481065	0.984171	0.380555	0.000598724	64.9254	0	419.074	0	SD_wireVol_EAST	2.27843	2.21663	1.82205e-07	1	0.106431	-0.0611456	-0.0081271	0.00503132	0.00165986	0.000103195	55.2085	57.0692	425.718	423.342	SD_scint_WEST	0	0	0	0	0	0	0	0	0	0	0	0	-1000	500	SD_wireVol_WEST	0	0	0	0	0	0	0	0	0	0	0	0	0	0	
44	11	395.197	0.00582447	0.0335673	0.446045	-0.918313	0.278567	-0.28125	0	1	0	0.101449	SD_scint_EAST	384.33	356.335	3.37763e-08	129	-2.80882	16.7285	-0.57203	0.0205307	0.728145	0.000853264	47.9499	0	384.33	0	SD_wireVol_EAST	2.04627	1.98725	3.35434e-08	1	-0.0135953	0.0788561	-0.00405651	9.9852e-05	0.00306896	6.59632e-05	48.4646	48.0938	390.236	388.351	SD_scint_WEST	0	0	0	0	0	0	0	0	0	0	0	0	-1000	500	SD_wireVol_WEST	0	0	0	0	0	0	0	0	0	0	0	0	0	0	
45	11	269.116	0.0271743	-0.0385846	-0.491455	0.665331	-0.201826	0.71875	0	1	0	0.279972	SD_scint_EAST	182.625	161.556	5.29832e-08	63	-6.37802	-9.4556	-0.294725	0.222748	0.489574	0.000476088	38.0464	0	182.625	0	SD_wireVol_EAST	2.89294	2.7543	5.27388e-08	2	-0.103011	-0.145815	-0.00961729	0.0036965	0.00739671	0.000169423	40.3521	0	189.847	0.663154	SD_scint_WEST	0	0	0	0	0	0	0	0	0	0	0	0	-1000	500	SD_wireVol_WEST	3.72453	3.56772	1.60003e-08	2	0.134558	-0.182739	-0.0052873	0.00488979	0.00901818	0.000151886	31.9324	0	267.501	0	
46	11	525.423	0.023142	0.0199624	0.645264	0.283254	0.933764	0.21875	0	1	0	0.115657	SD_scint_EAST	0	0	0	0	0	0	0	0	0	0	0	0	0	0	SD_wireVol_EAST	0	0	0	0	0	0	0	0	0	0	0	0	1.5e+06	1.30942	SD_scint_WEST	392.471	363.83	2.14516e-08	142	10.6967	11.9553	-0.53911	0.291547	0.36419	0.000751014	55.7954	0	392.471	500	SD_wireVol_WEST	1.28123	1.25081	2.12137e-08	2	0.0335924	0.035215	-0.00497052	0.000885938	0.000985906	5.71922e-05	40.6928	25.6729	513.108	34.519	
47	11	115.612	0.049133	-0.00362427	-0.667236	-0.181201	-0.59734	-0.78125	0	1	0	0.078572	SD_scint_EAST	103.046	86.6849	1.1167e-08	49	-6.62272	-0.520967	-0.177372	0.425638	0.00263396	0.000305317	53.5338	0	103.046	0	SD_wireVol_EAST	4.55148	4.23823	1.08493e-08	4	-0.289633	-0.02101	-0.00978944	0.0184761	9.90646e-05	9.68215e-05	39.3464	0	112.865	-1.61519	SD_scint_WEST	0	0	0	0	0	0	0	0	0	0	0	0	-1000	500	SD_wireVol_WEST	0	0	0	0	0	0	0	0	0	0	0	0	0	0	
48	11	337.215	-0.0347828	0.0323116	-1.21802	0.0526094	0.534152	-0.84375	0	1	0	0.06644	SD_scint_EAST	332.021	305.727	4.73291e-09	107	14.8148	13.6104	-0.431352	0.661051	0.557926	0.000569923	16.3089	0	332.021	0	SD_wireVol_EAST	1.07165	1.03729	4.56321e-09	1	0.0491371	0.0438334	-0.00292119	0.00227649	0.0018125	5.39511e-05	21.6703	21.5783	335.45	334.379	SD_scint_WEST	0	0	0	0	0	0	0	0	0	0	0	0	-1000	500	SD_wireVol_WEST	0	0	0	0	0	0	0	0	0	0	0	0	0	0	
49	11	217.664	-0.0344346	-0.0012683	1.21948	-0.0968132	-0.982961	0.15625	0	1	0	0.138125	SD_scint_EAST	0	0	0	0	0	0	0	0	0	0	0	0	0	0	SD_wireVol_EAST	0	0	0	0	0	0	0	0	0	0	0	0	1.5e+06	-25.1763	SD_scint_WEST	206.747	184.573	1.92242e-08	76	-9.16136	-0.0664058	-0.310504	0.405959	2.13769e-05	0.000469951	36.0416	0	206.747	500	SD_wireVol_WEST	3.65143	3.49013	1.89864e-08	3	-0.157573	-0.00440675	0.00571333	0.00684103	1.43901e-05	0.000110782	52.4694	0	213.251	0	
50	11	442.195	-0.00666664	0.0490857	-1.3938	-0.75091	0.0739582	0.65625	0	1	0	0.083699	SD_scint_EAST	0	0	0	0	0	0	0	0	0	0	0	0	21104.5	0	SD_wireVol_EAST	0	0	0	0	0	0	0	0	0	0	0	0	2.15733e+06	-5.01692	SD_scint_WEST	432.668	402.817	2.13306e-08	142	-3.73521	27.1727	-0.576522	0.0322474	1.70654	0.000806561	66.8771	0	432.668	500	SD_wireVol_WEST	1.79687	1.74924	2.11304e-08	2	-0.0186721	0.108453	-0.00597854	0.000201821	0.00659334	0.000144494	40.424	0	439.582	0	
51	11	43.4891	-0.018768	-0.0246672	1.4187	0.934539	-0.0920441	-0.34375	0	1	0	0.137904	SD_scint_EAST	0	0	0	0	0	0	0	0	0	0	0	0	0	0	SD_wireVol_EAST	10.8565	9.0021	8.3831e-08	3	0.264944	-0.32842	0.00163837	0.00653683	0.0100494	0.000449716	51.7544	0	32.1151	4.63657	SD_scint_WEST	0	0	0	0	0	0	0	0	0	0	0	0	-1000	500	SD_wireVol_WEST	0	0	0	0	0	0	0	0	0	0	0	0	0	0	
52	11	276.501	0.0418921	0.00994873	-1.00708	-0.631599	0.769606	-0.09375	0	1	0	0.138914	SD_scint_EAST	188.202	167.505	3.29767e-08	73	-9.96805	2.07674	-0.305548	0.527954	0.0229161	0.000496559	30.7935	0	188.202	0	SD_wireVol_EAST	1.60897	1.54907	3.27579e-08	1	-0.0820414	0.0185423	-0.00536829	0.00421245	0.000217462	7.33892e-05	47.2363	41.039	271.535	191.122	SD_scint_WEST	0	0	0	0	0	0	0	0	0	0	0	0	-1000	500	SD_wireVol_WEST	0	0	0	0	0	0	0	0	0	0	0	0	0	0	
53	11	404.113	0.0344838	-0.0212483	1.05542	0.268185	-0.326784	0.90625	0	1	0	0.060617	SD_scint_EAST	0	0	0	0	0	0	0	0	0	0	0	0	4924.85	0	SD_wireVol_EAST	0	0	0	0	0	0	0	0	0	0	0	0	2.17869e+06	11.4577	SD_scint_WEST	398.187	369.21	5.01074e-09	121	18.2088	-10.448	-0.493502	0.832683	0.274169	0.00062314	8.42328	0	398.187	500	SD_wireVol_WEST	2.09469	2.03565	4.85396e-09	2	0.0951881	-0.0557998	-0.000783859	0.00434794	0.00149526	0.000110881	16.5472	0	403.077	7.29112e-301	
54	11	124.25	0.0198781	0.0407279	-0.807861	0.706348	0.579684	0.40625	0	1	0	0.112596	SD_scint_EAST	0	0	0	0	0	0	0	0	0	0	0	0	38334.9	0	SD_wireVol_EAST	0	0	0	0	0	0	0	0	0	0	0	0	2.15733e+06	-16.296	SD_scint_WEST	112.636	95.5937	3.86699e-08	38	2.73918	5.92871	-0.189142	0.0666137	0.312062	0.000317685	46.4254	0	112.636	500	SD_wireVol_WEST	3.09044	2.88808	3.83755e-08	1	0.0720061	0.167166	-0.00617783	0.00168539	0.00907899	9.0294e-05	44.2141	29.7474	120.498	117.54	
55	11	540.639	0.0122326	-0.0355577	0.879639	-0.622003	-0.510464	-0.59375	0	1	0	0.081378	SD_scint_EAST	533.865	501.774	1.92077e-08	157	-8.5812	-27.1382	-0.584574	0.137955	1.37957	0.000678681	38.4839	0	533.865	0	SD_wireVol_EAST	1.92619	1.88195	1.9015e-08	2	-0.0346372	-0.0920865	-0.00314621	0.00063682	0.00444401	0.000108504	43.2579	0	537.852	-13.8395	SD_scint_WEST	0	0	0	0	0	0	0	0	0	0	0	0	-1000	500	SD_wireVol_WEST	0	0	0	0	0	0	0	0	0	0	0	0	0	7.29112e-301	
56	11	97.5406	-0.0511113	-0.0234107	-0.233643	-0.613172	0.327747	-0.71875	0	1	0	0.08242	SD_scint_EAST	0	0	0	0	0	0	0	0	0	0	0	0	0	0	SD_wireVol_EAST	0	0	0	0	0	0	0	0	0	0	0	0	-2.1319e+06	-2.8831	SD_scint_WEST	0	0	0	0	0	0	0	0	0	0	0	0	-1000	500	SD_wireVol_WEST	0	0	0	0	0	0	0	0	0	0	0	0	0	0	
57	11	498.316	-0.0184504	0.00685819	0.328857	0.846322	-0.452369	0.28125	0	1	0	0.105458	SD_scint_EAST	0	0	0	0	0	0	0	0	0	0	0	0	21833.6	0	SD_wireVol_EAST	0	0	0	0	0	0	0	0	0	0	0	0	2.15871e+06	-25.1955	SD_scint_WEST	489.293	457.92	2.2077e-08	160	-10.4405	7.65296	-0.647687	0.222806	0.119748	0.000870094	44.2894	0	489.293	500	SD_wireVol_WEST	2.49225	2.43146	2.18527e-08	2	-0.0540482	0.0309407	-0.00982726	0.00117985	0.00041621	0.000119433	49.3679	0	494.75	0	
58	11	195.357	-0.0147743	-0.0560546	-0.0344238	0.294254	0.550511	0.78125	0	1	0	0.019586	SD_scint_EAST	0	0	0	0	0	0	0	0	0	0	0	0	0	0	SD_wireVol_EAST	0	0	0	0	0	0	0	0	0	0	0	0	1.50387e+06	-8.72121	SD_scint_WEST	0	0	0	0	0	0	0	0	0	0	0	0	-1000	500	SD_wireVol_WEST	0	0	0	0	0	0	0	0	0	0	0	0	0	0	
59	11	313.994	-0.00638547	0.0109562	0.153076	-0.45998	-0.860562	-0.21875	0	1	0	0.122237	SD_scint_EAST	299.306	273.776	4.01283e-08	105	0.741618	4.29991	-0.453307	0.00183885	0.0617811	0.000693597	63.9611	0	299.306	0	SD_wireVol_EAST	4.58292	4.42742	3.97565e-08	3	0.0230871	0.0596714	-0.00285897	0.000133054	0.000805946	0.000182866	59.1963	0	311.483	7.57132	SD_scint_WEST	0	0	0	0	0	0	0	0	0	0	0	0	-1000	500	SD_wireVol_WEST	0	0	0	0	0	0	0	0	0	0	0	0	0	7.29112e-301	
60	11	666.83	0.0518731	-0.00834645	-0.397705	0.845295	0.256417	-0.46875	0	1	0	0.100554	SD_scint_EAST	643.553	608.886	1.31527e-08	199	-44.4861	-3.17847	-0.74949	3.07525	0.0157939	0.000913732	38.3648	0	643.553	0	SD_wireVol_EAST	18.5171	18.1481	1.29657e-08	10	-1.27678	-0.168976	0.0398976	0.0881304	0.0015587	0.000273638	38.2643	0	664.828	-14.8481	SD_scint_WEST	0	0	0	0	0	0	0	0	0	0	0	0	-1000	500	SD_wireVol_WEST	0	0	0	0	0	0	0	0	0	0	0	0	0	0	
61	11	164.828	0.0234994	0.0169854	0.539795	-0.810734	-0.245934	0.53125	0	1	0	0.098133	SD_scint_EAST	0	0	0	0	0	0	0	0	0	0	0	0	14520.3	0	SD_wireVol_EAST	0	0	0	0	0	0	0	0	0	0	0	0	2.15733e+06	9.31926	SD_scint_WEST	153.289	133.812	1.48183e-08	49	4.80747	3.46249	-0.243591	0.150773	0.078211	0.000387898	39.7009	0	153.289	500	SD_wireVol_WEST	3.441	3.25627	1.45593e-08	2	0.106241	0.0699267	-0.0081527	0.00330023	0.00143478	0.00013065	45.1495	0	161.325	0	
62	11	377.922	0.0360421	-0.0407606	-0.573486	-0.290143	0.956473	0.03125	0	1	0	0.380443	SD_scint_EAST	0	0	0	0	0	0	0	0	0	0	0	0	0	0	SD_wireVol_EAST	0	0	0	0	0	0	0	0	0	0	0	0	1.5e+06	-11.48	SD_scint_WEST	0	0	0	0	0	0	0	0	0	0	0	0	-1000	500	SD_wireVol_WEST	0	0	0	0	0	0	0	0	0	0	0	0	0	0	
63	11	254.406	0.00151958	0.0247342	0.739014	0.072002	-0.237359	-0.96875	0	1	0	0.049141	SD_scint_EAST	216.572	193.923	1.35806e-08	71	-0.362082	6.90641	-0.361761	0.000607789	0.220244	0.000604681	18.2873	0	216.572	0	SD_wireVol_EAST	1.17005	1.1243	1.34053e-08	1	-0.00300871	0.0371522	-0.00235691	7.9482e-06	0.00119166	3.67595e-05	11.6286	6.0059	252.934	251.762	SD_scint_WEST	0	0	0	0	0	0	0	0	0	0	0	0	-1000	500	SD_wireVol_WEST	0	0	0	0	0	0	0	0	0	0	0	0	0	0	
64	11	363.323	-0.00177471	0.036125	0.938965	-0.243032	0.180245	-0.953125	0	1	0	0.054696	SD_scint_EAST	358.128	330.68	1.35112e-08	117	1.33859	16.1569	-0.513163	0.00502031	0.728915	0.000738035	15.9453	0	358.128	0	SD_wireVol_EAST	1.08517	1.05214	1.33499e-08	1	0.00262438	0.0489328	-0.00567659	6.58489e-06	0.00222784	6.57841e-05	12.1216	15.3845	361.114	360.029	SD_scint_WEST	0	0	0	0	0	0	0	0	0	0	0	0	-1000	500	SD_wireVol_WEST	0	0	0	0	0	0	0	0	0	0	0	0	0	0	
65	11	241.565	-0.0296407	-0.0327034	-1.12354	0.802325	-0.595044	0.046875	0	1	0	0.261906	SD_scint_EAST	0	0	0	0	0	0	0	0	0	0	0	0	0	0	SD_wireVol_EAST	0	0	0	0	0	0	0	0	0	0	0	0	1.5e+06	-5.34673	SD_scint_WEST	204.97	182.917	2.7153e-07	70	-7.66589	-8.59872	-0.31506	0.286705	0.360726	0.000485869	42.2089	0	204.97	500	SD_wireVol_WEST	2.85677	2.73647	2.71233e-07	1	-0.102897	-0.111854	-0.00579596	0.00372178	0.00440929	0.000106649	57.1859	54.8671	228.362	225.299	
66	11	604.826	-0.0314669	0.0233375	0.763184	0.498728	0.672457	0.546875	0	1	0	0.081628	SD_scint_EAST	0	0	0	0	0	0	0	0	0	0	0	0	0	0	SD_wireVol_EAST	0	0	0	0	0	0	0	0	0	0	0	0	2.20002e+06	14.5964	SD_scint_WEST	600.212	566.347	9.085e-09	194	-24.8058	19.0315	-0.429948	1.02519	0.603469	0.000483297	30.458	0	600.212	500	SD_wireVol_WEST	1.67513	1.63969	8.91297e-09	1	-0.0703882	0.0533504	-0.00404397	0.00298687	0.00171431	7.08448e-05	36.3669	35.954	603.847	602.171	
67	11	151.022	-0.0413579	-0.00613486	-0.924316	-0.531034	-0.716017	-0.453125	0	1	0	0.110703	SD_scint_EAST	132.635	114.321	1.30119e-08	45	6.95322	-1.00537	-0.225472	0.364513	0.00762073	0.000383326	53.2899	0	132.635	0	SD_wireVol_EAST	2.7009	2.54641	1.27144e-08	2	0.141092	-0.0225248	-0.00648113	0.00740312	0.000189993	0.00014921	44.6235	0	147.063	-12.5582	SD_scint_WEST	0	0	0	0	0	0	0	0	0	0	0	0	-1000	500	SD_wireVol_WEST	0	0	0	0	0	0	0	0	0	0	0	0	0	0	
68	11	182.143	0.0150316	0.0250787	1.1499	0.968555	0.143672	-0.203125	0	1	0	0.130914	SD_scint_EAST	164.134	144.127	7.30362e-08	51	-2.83002	5.85801	-0.27866	0.0487957	0.209075	0.000473373	73.2741	0	164.134	0	SD_wireVol_EAST	2.97329	2.8253	7.26569e-08	1	-0.0549822	0.100848	0.00206818	0.00103862	0.00347849	0.000134869	46.7356	52.8736	179.818	176.787	SD_scint_WEST	0	0	0	0	0	0	0	0	0	0	0	0	-1000	500	SD_wireVol_WEST	0	0	0	0	0	0	0	0	0	0	0	0	0	0	
69	11	300.735	0.011774	-0.0470043	-1.2876	-0.597605	-0.0886464	0.796875	0	1	0	0.071716	SD_scint_EAST	0	0	0	0	0	0	0	0	0	0	0	0	18391.1	0	SD_wireVol_EAST	0	0	0	0	0	0	0	0	0	0	0	0	2.15733e+06	13.7488	SD_scint_WEST	295.131	269.554	1.86051e-08	96	5.16696	-19.0472	-0.429064	0.0904614	1.22927	0.00062893	31.9778	0	295.131	500	SD_wireVol_WEST	1.08994	1.052	1.8416e-08	1	0.0165197	-0.0666688	-0.00342691	0.000254046	0.00412556	6.0225e-05	30.2968	28.3431	298.654	297.563	
70	11	80.5392	0.0309642	0.0110792	1.34912	-0.140115	0.944581	0.296875	0	1	0	0.15583	SD_scint_EAST	0	0	0	0	0	0	0	0	0	0	0	0	0	0	SD_wireVol_EAST	0	0	0	0	0	0	0	0	0	0	0	0	1.5e+06	-11.7715	SD_scint_WEST	0	0	0	0	0	0	0	0	0	0	0	0	-1000	500	SD_wireVol_WEST	13.3743	12.0841	1.50818e-08	5	0.507819	0.186187	-0.0899227	0.0193359	0.00260271	0.000886154	33.6229	0	73.7452	0	
71	11	477.184	0.0418973	-0.019816	-1.46338	0.104335	-0.70337	-0.703125	0	1	0	0.074293	SD_scint_EAST	470.946	440.116	3.70766e-09	136	-25.0909	-10.7763	-0.486681	1.33682	0.246593	0.000549056	47.4345	0	470.946	0	SD_wireVol_EAST	1.42815	1.39235	3.52107e-09	2	-0.0816569	-0.0350037	-0.00474192	0.00470461	0.000868787	5.42583e-05	30.9952	0	475.167	-17.2486	SD_scint_WEST	0	0	0	0	0	0	0	0	0	0	0	0	-1000	500	SD_wireVol_WEST	0	0	0	0	0	0	0	0	0	0	0	0	0	0	
72	11	108.973	-0.00759512	-0.0212269	0.42334	0.198259	0.791495	-0.578125	0	1	0	0.100095	SD_scint_EAST	96.5495	80.7707	2.54778e-08	36	1.14954	-2.52951	-0.164201	0.0136868	0.0662712	0.000279311	46.1585	0	96.5495	0	SD_wireVol_EAST	2.57254	2.38724	2.5181e-08	3	0.0267206	-0.0680947	0.000483364	0.000278495	0.00180452	0.000132074	30.4145	0	104.855	19.4788	SD_scint_WEST	0	0	0	0	0	0	0	0	0	0	0	0	-1000	500	SD_wireVol_WEST	0	0	0	0	0	0	0	0	0	0	0	0	0	0	
73	11	514.808	-0.0228437	0.048299	-0.51416	-0.220299	-0.879483	0.421875	0	1	0	0.095652	SD_scint_EAST	0	0	0	0	0	0	0	0	0	0	0	0	0	0	SD_wireVol_EAST	0	0	0	0	0	0	0	0	0	0	0	0	2.15597e+06	-23.782	SD_scint_WEST	482.863	451.787	2.3204e-08	144	-13.9847	30.3528	-0.639545	0.40504	1.908	0.000862971	48.834	0	482.863	500	SD_wireVol_WEST	2.11999	2.06775	2.29956e-08	1	-0.0520119	0.1298	-0.00555031	0.00129643	0.00800157	9.47763e-05	42.234	44.2893	487.374	485.253	
74	11	263.592	-0.0232523	-0.0139369	0.622559	-0.375875	0.0941518	0.921875	0	1	0	0.258416	SD_scint_EAST	0	0	0	0	0	0	0	0	0	0	0	0	0	0	SD_wireVol_EAST	0	0	0	0	0	0	0	0	0	0	0	0	2.20003e+06	17.5492	SD_scint_WEST	124.47	118.525	7.54589e-09	41	-3.85158	-2.13403	-0.210622	0.119185	0.0365879	0.00035653	32.4728	0	258.009	500	SD_wireVol_WEST	22.583	20.4208	7.36272e-09	9	-0.715871	-0.40951	0.0641587	0.02311	0.00758109	0.00131036	17.323	0	261.367	0	
75	11	388.637	-0.0499793	0.0125192	-0.689941	0.967066	-0.242238	-0.078125	0	1	0	0.130297	SD_scint_EAST	355.842	328.19	5.20672e-08	102	21.7609	8.11464	-0.426912	1.33075	0.185049	0.000535443	52.1813	0	355.842	0	SD_wireVol_EAST	2.70133	2.61938	5.17986e-08	1	0.172539	0.050928	-0.00392186	0.01111	0.00097768	0.00019169	61.2888	47.1446	364.003	361.285	SD_scint_WEST	0	0	0	0	0	0	0	0	0	0	0	0	-1000	500	SD_wireVol_WEST	0	0	0	0	0	0	0	0	0	0	0	0	0	0	
76	11	424.995	0.00441754	-0.00595637	0.259277	-0.485639	0.81024	-0.328125	0	1	0	0.190833	SD_scint_EAST	281.248	261.859	2.70493e-08	88	-1.37148	-1.83464	-0.471868	0.00677456	0.0121379	0.000792159	60.2546	0	415.183	0	SD_wireVol_EAST	30.2161	27.9777	2.68279e-08	8	-0.0903124	-0.219714	0.106496	0.000371623	0.00184809	0.00179756	43.9086	0	422.637	12.9553	SD_scint_WEST	0	0	0	0	0	0	0	0	0	0	0	0	-1000	500	SD_wireVol_WEST	0	0	0	0	0	0	0	0	0	0	0	0	0	0	
77	11	15.3377	0.00837082	0.0564315	-0.303223	0.380778	-0.635289	0.671875	0	1	0	0.131001	SD_scint_EAST	0	0	0	0	0	0	0	0	0	0	0	0	0	0	SD_wireVol_EAST	0	0	0	0	0	0	0	0	0	0	0	0	1.5e+06	32.4501	SD_scint_WEST	0	0	0	0	0	0	0	0	0	0	0	0	-1000	500	SD_wireVol_WEST	0	0	0	0	0	0	0	0	0	0	0	0	0	0	
78	11	323.585	0.0167616	-0.000823447	0.0834961	0.844965	0.506452	0.171875	0	1	0	0.117218	SD_scint_EAST	0	0	0	0	0	0	0	0	0	0	0	0	43003.9	0	SD_wireVol_EAST	0	0	0	0	0	0	0	0	0	0	0	0	2.15731e+06	13.0164	SD_scint_WEST	305.14	279.201	4.32962e-08	95	5.6012	-0.0379225	-0.44926	0.102823	6.46467e-06	0.000666187	57.0333	0	305.14	500	SD_wireVol_WEST	1.99964	1.93187	4.30372e-08	1	0.0398296	0.000393542	-0.0071621	0.00080742	4.3671e-06	8.02423e-05	50.4223	47.5271	310.449	308.332	
79	11	204.695	0.0409513	0.0371161	-0.104004	-0.480794	-0.288177	-0.828125	0	1	0	0.063794	SD_scint_EAST	0	0	0	0	0	0	0	0	0	0	0	0	0	0	SD_wireVol_EAST	0	0	0	0	0	0	0	0	0	0	0	0	-2.13446e+06	-9.04468	SD_scint_WEST	0	0	0	0	0	0	0	0	0	0	0	0	-1000	500	SD_wireVol_WEST	0	0	0	0	0	0	0	0	0	0	0	0	0	0	
80	11	561.923	-0.0576371	-0.00354101	-1.02979	0.476644	0.432005	-0.765625	0	1	0	0.587098	SD_scint_EAST	0	0	0	0	0	0	0	0	0	0	0	0	0	0	SD_wireVol_EAST	0	0	0	0	0	0	0	0	0	0	0	0	-2.1319e+06	11.1723	SD_scint_WEST	0	0	0	0	0	0	0	0	0	0	0	0	-1000	500	SD_wireVol_WEST	0	0	0	0	0	0	0	0	0	0	0	0	0	0	
81	11	134.755	-0.00870362	0.00769608	1.03271	-0.720313	-0.652854	0.234375	0	1	0	0.145273	SD_scint_EAST	0	0	0	0	0	0	0	0	0	0	0	0	21415.3	0	SD_wireVol_EAST	0	0	0	0	0	0	0	0	0	0	0	0	2.15734e+06	-12.1997	SD_scint_WEST	112.2	95.3894	2.17494e-08	43	-1.22012	0.919013	-0.186913	0.0132682	0.00752756	0.000311489	37.7248	0	112.2	500	SD_wireVol_WEST	4.40314	4.11703	2.14555e-08	5	-0.0454169	0.0339664	-0.00993576	0.00047748	0.000265724	0.000160259	45.8093	0	123.006	0	
82	11	415.561	-0.0327973	-0.0453755	-0.830566	-0.455817	0.502916	0.734375	0	1	0	0.020053	SD_scint_EAST	0	0	0	0	0	0	0	0	0	0	0	0	0	0	SD_wireVol_EAST	0	0	0	0	0	0	0	0	0	0	0	0	1.50523e+06	9.87121	SD_scint_WEST	0	0	0	0	0	0	0	0	0	0	0	0	-1000	500	SD_wireVol_WEST	0	0	0	0	0	0	0	0	0	0	0	0	0	0	
83	11	285.773	-0.0030209	0.0187748	0.856934	0.647434	-0.714334	-0.265625	0	1	0	0.439639	SD_scint_EAST	82.0024	78.3343	5.08561e-08	33	0.251849	2.32004	-0.139638	0.000773592	0.0656402	0.000237834	62.368	0	252.172	0	SD_wireVol_EAST	4.46331	4.2331	5.05672e-08	1	0.00237031	0.115326	0.000171097	1.23519e-05	0.00300672	0.000211245	54.9038	9.07532	260.065	113.641	SD_scint_WEST	100.57	84.3689	7.80687e-08	31	-0.320567	2.37802	-0.167933	0.00102182	0.0562294	0.000280554	23.4388	0	100.57	500	SD_wireVol_WEST	2.48823	2.31311	7.78334e-08	1	-0.00329486	0.0612824	-0.0056387	4.61378e-06	0.00152048	0.00011694	2.56305	4.25709	108.375	105.877	
84	11	58.9599	0.0463761	-0.0270288	-1.19385	-0.998674	0.0490617	-0.015625	0	1	0	1.66793	SD_scint_EAST	0	0	0	0	0	0	0	0	0	0	0	0	0	0	SD_wireVol_EAST	0	0	0	0	0	0	0	0	0	0	0	0	1.5e+06	-12.0921	SD_scint_WEST	0	0	0	0	0	0	0	0	0	0	0	0	-1000	500	SD_wireVol_WEST	0	0	0	0	0	0	0	0	0	0	0	0	0	0	
85	11	455.117	0.0223648	0.00589468	1.24365	0.175873	-0.00864007	0.984375	0	1	0	0.04481	SD_scint_EAST	0	0	0	0	0	0	0	0	0	0	0	0	3759.59	0	SD_wireVol_EAST	0	0	0	0	0	0	0	0	0	0	0	0	2.1873e+06	18.3398	SD_scint_WEST	449.415	419.265	3.81035e-09	134	13.3123	3.34462	-0.43551	0.394335	0.0248932	0.000485517	12.9836	0	449.415	500	SD_wireVol_WEST	0.665326	0.648086	3.66045e-09	1	0.0189545	0.005235	-0.00319473	0.000548099	4.18048e-05	3.56186e-05	7.94074	6.2942	453.461	452.795	
86	11	226.876	0.0180416	-0.0485368	-1.36963	0.0429274	0.873807	0.484375	0	1	0	0.09931	SD_scint_EAST	0	0	0	0	0	0	0	0	0	0	0	0	32575.4	0	SD_wireVol_EAST	0	0	0	0	0	0	0	0	0	0	0	0	2.16911e+06	1.63045	SD_scint_WEST	216.638	194	3.27829e-08	70	4.85239	-14.0062	-0.344282	0.108687	0.905542	0.000548275	51.1441	0	216.638	500	SD_wireVol_WEST	2.37944	2.27783	3.25299e-08	2	0.0496338	-0.148372	-0.00616142	0.00104545	0.00932186	0.000102931	44.4872	0	223.616	0	
87	11	347.121	0.011492	0.0250899	1.44287	-0.0420419	-0.855782	-0.515625	0	1	0	0.087423	SD_scint_EAST	328.619	301.816	2.81318e-08	104	-6.07087	10.1023	-0.462402	0.112157	0.310577	0.000656842	43.821	0	328.619	0	SD_wireVol_EAST	0.984838	0.953035	2.79107e-08	1	-0.0164452	0.0318882	-0.00356978	0.000281441	0.00105153	4.89062e-05	43.1756	45.4417	332.075	331.146	SD_scint_WEST	0	0	0	0	0	0	0	0	0	0	0	0	-1000	500	SD_wireVol_WEST	0	0	0	0	0	0	0	0	0	0	0	0	0	0	
88	11	248.901	-0.0476071	0.0163779	-0.42041	-0.258682	0.722968	-0.640625	0	1	0	0.08673	SD_scint_EAST	242.177	218.464	1.19363e-08	90	15.6166	5.28204	-0.371403	1.00702	0.115209	0.000570782	24.6952	0	242.177	0	SD_wireVol_EAST	1.2765	1.22559	1.17327e-08	1	0.0788442	0.0257359	-0.00487785	0.00492538	0.000526024	8.37307e-05	37.2712	32.9414	245.924	244.54	SD_scint_WEST	0	0	0	0	0	0	0	0	0	0	0	0	-1000	500	SD_wireVol_WEST	0	0	0	0	0	0	0	0	0	0	0	0	0	0	
89	11	371.612	-0.0290027	-0.0141554	0.51709	0.314383	-0.878643	0.359375	0	1	0	0.096978	SD_scint_EAST	0	0	0	0	0	0	0	0	0	0	0	0	0	0	SD_wireVol_EAST	0	0	0	0	0	0	0	0	0	0	0	0	1.5e+06	2.04421	SD_scint_WEST	364.66	336.693	1.67875e-08	126	-12.4249	-5.50934	-0.483296	0.423352	0.0832367	0.000661252	53.2462	0	364.66	500	SD_wireVol_WEST	2.07341	2.0112	1.65412e-08	1	-0.0725901	-0.0375264	-0.00468409	0.00257458	0.000688959	6.72558e-05	50.8622	50.8262	369.079	367.096	
90	11	158.953	-0.0253475	0.0411364	-0.596191	0.481455	0.172267	0.859375	0	1	0	0.069395	SD_scint_EAST	0	0	0	0	0	0	0	0	0	0	0	0	16408.2	0	SD_wireVol_EAST	0	0	0	0	0	0	0	0	0	0	0	0	2.15733e+06	4.06152	SD_scint_WEST	144.788	125.799	1.66641e-08	56	-4.90083	7.85476	-0.239558	0.165885	0.426122	0.00039656	31.9726	0	144.788	500	SD_wireVol_WEST	7.36857	6.96072	1.64361e-08	3	-0.244906	0.389752	-0.030145	0.00816481	0.0206642	0.000473576	24.204	0	156.74	0	
91	11	634.679	-0.0082283	-0.0346477	0.716309	-0.932188	-0.333542	-0.140625	0	1	0	0.119334	SD_scint_EAST	626.638	592.509	6.64825e-08	214	3.899	-31.9723	-0.718537	0.0243119	1.63142	0.000853238	52.8858	0	626.638	0	SD_wireVol_EAST	0.973676	0.953716	6.62527e-08	1	0.00962743	-0.0465472	-0.00406004	0.000101219	0.00227169	5.33274e-05	51.9273	51.8458	630.452	629.478	SD_scint_WEST	0	0	0	0	0	0	0	0	0	0	0	0	-1000	500	SD_wireVol_WEST	0	0	0	0	0	0	0	0	0	0	0	0	0	0	
92	11	308.29	0.036308	0.0276248	-0.209473	0.393586	0.832167	-0.390625	0	1	0	0.105044	SD_scint_EAST	299.4	273.569	1.96605e-08	123	-12.9249	10.5962	-0.414404	0.557964	0.375014	0.000584166	49.1058	0	299.4	0	SD_wireVol_EAST	3.13886	3.03113	1.94356e-08	2	-0.144187	0.112848	-0.00191391	0.00665867	0.00408588	9.27268e-05	41.9945	0	305.193	12.3211	SD_scint_WEST	0	0	0	0	0	0	0	0	0	0	0	0	-1000	500	SD_wireVol_WEST	0	0	0	0	0	0	0	0	0	0	0	0	0	0	
93	11	189.716	0.0376215	-0.00510961	0.353027	-0.339001	-0.716757	0.609375	0	1	0	0.083712	SD_scint_EAST	0	0	0	0	0	0	0	0	0	0	0	0	13644.4	0	SD_wireVol_EAST	0	0	0	0	0	0	0	0	0	0	0	0	2.16401e+06	6.88029	SD_scint_WEST	178.669	157.943	1.38546e-08	53	8.88746	-1.08213	-0.277427	0.442085	0.00655423	0.000432538	33.8953	0	178.669	500	SD_wireVol_WEST	4.74102	4.51107	1.36325e-08	6	0.234388	-0.0407164	0.000183616	0.0116284	0.000353759	0.000209773	38.4174	0	187.451	0	
94	11	489.014	0.00159653	0.043346	-0.0102539	-0.898566	0.42499	0.109375	0	1	0	0.122599	SD_scint_EAST	0	0	0	0	0	0	0	0	0	0	0	0	62195.6	0	SD_wireVol_EAST	0	0	0	0	0	0	0	0	0	0	0	0	2.1573e+06	1.4864	SD_scint_WEST	468.465	437.7	6.24642e-08	154	-1.3239	24.0185	-0.479634	0.00377443	1.23144	0.000555291	44.7209	0	468.465	500	SD_wireVol_WEST	1.996	1.94576	6.22263e-08	1	-0.000388286	0.104453	-0.010585	2.5417e-05	0.00550672	0.00013046	51.1614	50.7	472.999	470.972	
95	11	90.4176	0.0277975	-0.0299235	0.177246	0.411079	-0.194426	-0.890625	0	1	0	0.064867	SD_scint_EAST	78.1502	63.7737	1.68109e-08	26	-2.73014	-3.10117	-0.13493	0.0953762	0.123061	0.000232971	45.9491	0	78.1502	0	SD_wireVol_EAST	2.50695	2.30209	1.65153e-08	3	-0.0885165	-0.093036	-0.00114753	0.00319131	0.00352488	0.000143796	27.5554	0	86.8287	17.8574	SD_scint_WEST	0	0	0	0	0	0	0	0	0	0	0	0	-1000	500	SD_wireVol_WEST	0	0	0	0	0	0	0	0	0	0	0	0	0	0	
96	11	272.805	0.0252166	-0.021752	-0.935303	0.260221	0.287109	-0.921875	0	1	0	0.061961	SD_scint_EAST	252.734	228.592	5.98842e-09	90	-8.49124	-7.0695	-0.348544	0.285285	0.197748	0.000486652	18.2971	0	252.734	0	SD_wireVol_EAST	1.09337	1.05094	5.81033e-09	1	-0.0362987	-0.0292349	-0.00392437	0.00121931	0.000791365	5.1645e-05	19.2773	19.1703	255.571	254.477	SD_scint_WEST	0	0	0	0	0	0	0	0	0	0	0	0	-1000	500	SD_wireVol_WEST	0	0	0	0	0	0	0	0	0	0	0	0	0	0	
97	11	399.629	0.0465165	0.00343126	0.752197	-0.669506	-0.738686	0.078125	0	1	0	0.120324	SD_scint_EAST	0	0	0	0	0	0	0	0	0	0	0	0	46076.8	0	SD_wireVol_EAST	0	0	0	0	0	0	0	0	0	0	0	0	2.15731e+06	-10.7335	SD_scint_WEST	291.84	266.399	4.63422e-08	105	19.4971	0.423665	-0.409571	1.30256	0.00061541	0.00058029	30.064	0	291.84	500	SD_wireVol_WEST	1.84048	1.78685	4.61131e-08	1	0.114176	0.00311563	-0.00591131	0.00712146	2.20036e-05	9.13979e-05	53.8849	31.9815	384.658	297.235	
98	11	119.96	0.00507842	-0.0292677	-1.11108	-0.604578	0.547957	0.578125	0	1	0	0.103717	SD_scint_EAST	0	0	0	0	0	0	0	0	0	0	0	0	31571.7	0	SD_wireVol_EAST	0	0	0	0	0	0	0	0	0	0	0	0	2.16896e+06	15.1235	SD_scint_WEST	101.269	85.0225	3.19542e-08	35	0.523695	-4.17979	-0.175835	0.00270821	0.172518	0.000305309	61.3549	0	101.269	500	SD_wireVol_WEST	3.77628	3.52397	3.15095e-08	3	0.0206672	-0.147776	-0.00239947	0.000120402	0.00584714	0.000136226	51.6598	0	117.509	7.29112e-301	
99	11	532.862	0.0280645	0.0398486	0.951416	0.671786	-0.608872	-0.421875	0	1	0	0.288277	SD_scint_EAST	517.635	485.9	2.75631e-08	157	-18.2034	26.5305	-0.644965	0.640188	1.35988	0.00082062	52.0394	0	517.635	0	SD_wireVol_EAST	1.27544	1.24553	2.73298e-08	2	-0.0480322	0.0696404	0.00159325	0.00183578	0.00385476	7.71498e-05	49.7573	0	522.114	25.6802	SD_scint_WEST	0	0	0	0	0	0	0	0	0	0	0	0	-1000	500	SD_wireVol_WEST	0	0	0	0	0	0	0	0	0	0	0	0	0	0	
